  2.000000000000000E-003  2.000000000000000E-003 -0.422469833138943     
  2.000000000000000E-003  0.304332916666667      -0.458861642176236     
  2.000000000000000E-003  0.606665833333333      -0.473769950190042     
  2.000000000000000E-003  0.908998750000000      -0.469493359022422     
  2.000000000000000E-003   1.21133166666667      -0.458291936147241     
  2.000000000000000E-003   1.51366458333333      -0.444218262189400     
  2.000000000000000E-003   1.81599750000000      -0.429222426458688     
  2.000000000000000E-003   2.11833041666667      -0.414735929524944     
  2.000000000000000E-003   2.42066333333333      -0.402306750655692     
  2.000000000000000E-003   2.72299625000000      -0.391338790644372     
  2.000000000000000E-003   3.02532916666667      -0.381506999621883     
  2.000000000000000E-003   3.32766208333333      -0.373060100123708     
  2.000000000000000E-003   3.62999500000000      -0.357671435628508     
  2.000000000000000E-003   3.93232791666667      -0.338263142477871     
  2.000000000000000E-003   4.23466083333333      -0.312626455113853     
  2.000000000000000E-003   4.53699375000000      -0.282525517394553     
  2.000000000000000E-003   4.83932666666667      -0.256100577826995     
  2.000000000000000E-003   5.14165958333333      -0.235591540425506     
  2.000000000000000E-003   5.44399250000000      -0.221376848687551     
  2.000000000000000E-003   5.74632541666667      -0.212240612444294     
  2.000000000000000E-003   6.04865833333333      -0.207131253588017     
  2.000000000000000E-003   6.35099125000000      -0.204532105271568     
  2.000000000000000E-003   6.65332416666666      -0.201641016807360     
  2.000000000000000E-003   6.95565708333333      -0.193502936272633     
  2.000000000000000E-003   7.25799000000000      -0.183279652976717     
  0.304332916666667       2.000000000000000E-003 -0.458842842140747     
  0.304332916666667       0.304332916666667      -0.515995866594942     
  0.304332916666667       0.606665833333333      -0.531111987886960     
  0.304332916666667       0.908998750000000      -0.522605122841256     
  0.304332916666667        1.21133166666667      -0.508037353020507     
  0.304332916666667        1.51366458333333      -0.491293881894577     
  0.304332916666667        1.81599750000000      -0.473661756336729     
  0.304332916666667        2.11833041666667      -0.455715077929223     
  0.304332916666667        2.42066333333333      -0.438969398244004     
  0.304332916666667        2.72299625000000      -0.421946980969183     
  0.304332916666667        3.02532916666667      -0.401743643491473     
  0.304332916666667        3.32766208333333      -0.381826608857594     
  0.304332916666667        3.62999500000000      -0.368298057871956     
  0.304332916666667        3.93232791666667      -0.351081492342788     
  0.304332916666667        4.23466083333333      -0.323660114810138     
  0.304332916666667        4.53699375000000      -0.292908318392553     
  0.304332916666667        4.83932666666667      -0.265851061009584     
  0.304332916666667        5.14165958333333      -0.244604045246362     
  0.304332916666667        5.44399250000000      -0.229293926440563     
  0.304332916666667        5.74632541666667      -0.218982873395308     
  0.304332916666667        6.04865833333333      -0.212690425216356     
  0.304332916666667        6.35099125000000      -0.209198893049456     
  0.304332916666667        6.65332416666666      -0.206209501696461     
  0.304332916666667        6.95565708333333      -0.199359254819168     
  0.304332916666667        7.25799000000000      -0.187335553254856     
  0.606665833333333       2.000000000000000E-003 -0.473740706077242     
  0.606665833333333       0.304332916666667      -0.531183967268748     
  0.606665833333333       0.606665833333333      -0.565069654616362     
  0.606665833333333       0.908998750000000      -0.566551580722734     
  0.606665833333333        1.21133166666667      -0.554204437201815     
  0.606665833333333        1.51366458333333      -0.537441556054936     
  0.606665833333333        1.81599750000000      -0.518260496112073     
  0.606665833333333        2.11833041666667      -0.497417255253950     
  0.606665833333333        2.42066333333333      -0.476504057361704     
  0.606665833333333        2.72299625000000      -0.455415051949906     
  0.606665833333333        3.02532916666667      -0.428937465066271     
  0.606665833333333        3.32766208333333      -0.400291669835985     
  0.606665833333333        3.62999500000000      -0.375717134661449     
  0.606665833333333        3.93232791666667      -0.352749539572813     
  0.606665833333333        4.23466083333333      -0.325689444062651     
  0.606665833333333        4.53699375000000      -0.297257163564678     
  0.606665833333333        4.83932666666667      -0.272190310003891     
  0.606665833333333        5.14165958333333      -0.251674755619984     
  0.606665833333333        5.44399250000000      -0.236008197608258     
  0.606665833333333        5.74632541666667      -0.224907317457535     
  0.606665833333333        6.04865833333333      -0.217643174793067     
  0.606665833333333        6.35099125000000      -0.212978191320961     
  0.606665833333333        6.65332416666666      -0.208154344887786     
  0.606665833333333        6.95565708333333      -0.198761672849813     
  0.606665833333333        7.25799000000000      -0.186853448777827     
  0.908998750000000       2.000000000000000E-003 -0.469462239897306     
  0.908998750000000       0.304332916666667      -0.522669241409205     
  0.908998750000000       0.606665833333333      -0.566600188890296     
  0.908998750000000       0.908998750000000      -0.584634269707455     
  0.908998750000000        1.21133166666667      -0.584008124302964     
  0.908998750000000        1.51366458333333      -0.573167165079239     
  0.908998750000000        1.81599750000000      -0.555974448785590     
  0.908998750000000        2.11833041666667      -0.533574916018529     
  0.908998750000000        2.42066333333333      -0.510870104196854     
  0.908998750000000        2.72299625000000      -0.485829917064031     
  0.908998750000000        3.02532916666667      -0.455685798373829     
  0.908998750000000        3.32766208333333      -0.421485910034062     
  0.908998750000000        3.62999500000000      -0.387934230200865     
  0.908998750000000        3.93232791666667      -0.356815107561075     
  0.908998750000000        4.23466083333333      -0.327258626487230     
  0.908998750000000        4.53699375000000      -0.300089643311564     
  0.908998750000000        4.83932666666667      -0.276747599775490     
  0.908998750000000        5.14165958333333      -0.257054264525869     
  0.908998750000000        5.44399250000000      -0.241090051172274     
  0.908998750000000        5.74632541666667      -0.229159716472516     
  0.908998750000000        6.04865833333333      -0.220506523199165     
  0.908998750000000        6.35099125000000      -0.213726988003625     
  0.908998750000000        6.65332416666666      -0.206355472810014     
  0.908998750000000        6.95565708333333      -0.196158270041328     
  0.908998750000000        7.25799000000000      -0.185750014262304     
   1.21133166666667       2.000000000000000E-003 -0.458267751309526     
   1.21133166666667       0.304332916666667      -0.508074623504580     
   1.21133166666667       0.606665833333333      -0.554251436041963     
   1.21133166666667       0.908998750000000      -0.584030531462023     
   1.21133166666667        1.21133166666667      -0.595950425065084     
   1.21133166666667        1.51366458333333      -0.593893133347201     
   1.21133166666667        1.81599750000000      -0.580361067811102     
   1.21133166666667        2.11833041666667      -0.560176404982424     
   1.21133166666667        2.42066333333333      -0.537473973157091     
   1.21133166666667        2.72299625000000      -0.508534834827692     
   1.21133166666667        3.02532916666667      -0.473600358674818     
   1.21133166666667        3.32766208333333      -0.435430940302027     
   1.21133166666667        3.62999500000000      -0.397100307188994     
   1.21133166666667        3.93232791666667      -0.361461685236669     
   1.21133166666667        4.23466083333333      -0.329977076501702     
   1.21133166666667        4.53699375000000      -0.303100169665129     
   1.21133166666667        4.83932666666667      -0.280281795302531     
   1.21133166666667        5.14165958333333      -0.260874561803948     
   1.21133166666667        5.44399250000000      -0.244604715965259     
   1.21133166666667        5.74632541666667      -0.231677989387542     
   1.21133166666667        6.04865833333333      -0.221491655143431     
   1.21133166666667        6.35099125000000      -0.212775736558904     
   1.21133166666667        6.65332416666666      -0.203898759158015     
   1.21133166666667        6.95565708333333      -0.194047703705572     
   1.21133166666667        7.25799000000000      -0.184636620039198     
   1.51366458333333       2.000000000000000E-003 -0.444208938970628     
   1.51366458333333       0.304332916666667      -0.491318145348194     
   1.51366458333333       0.606665833333333      -0.537477712811832     
   1.51366458333333       0.908998750000000      -0.573193591676227     
   1.51366458333333        1.21133166666667      -0.593904466858421     
   1.51366458333333        1.51366458333333      -0.598561821209421     
   1.51366458333333        1.81599750000000      -0.589770516305918     
   1.51366458333333        2.11833041666667      -0.574934256783327     
   1.51366458333333        2.42066333333333      -0.552194354505808     
   1.51366458333333        2.72299625000000      -0.520488144235500     
   1.51366458333333        3.02532916666667      -0.481965370285305     
   1.51366458333333        3.32766208333333      -0.440571753376220     
   1.51366458333333        3.62999500000000      -0.400242514384008     
   1.51366458333333        3.93232791666667      -0.363711412079356     
   1.51366458333333        4.23466083333333      -0.332146351728510     
   1.51366458333333        4.53699375000000      -0.305402339752179     
   1.51366458333333        4.83932666666667      -0.282698936473346     
   1.51366458333333        5.14165958333333      -0.263288063025456     
   1.51366458333333        5.44399250000000      -0.246751583682727     
   1.51366458333333        5.74632541666667      -0.232924590495745     
   1.51366458333333        6.04865833333333      -0.221450023719534     
   1.51366458333333        6.35099125000000      -0.211377154481011     
   1.51366458333333        6.65332416666666      -0.201731966732317     
   1.51366458333333        6.95565708333333      -0.192146963523670     
   1.51366458333333        7.25799000000000      -0.183193442476931     
   1.81599750000000       2.000000000000000E-003 -0.429233843482421     
   1.81599750000000       0.304332916666667      -0.473689910315054     
   1.81599750000000       0.606665833333333      -0.518294583762698     
   1.81599750000000       0.908998750000000      -0.556002477729466     
   1.81599750000000        1.21133166666667      -0.580377695015832     
   1.81599750000000        1.51366458333333      -0.589776884818461     
   1.81599750000000        1.81599750000000      -0.588480353134288     
   1.81599750000000        2.11833041666667      -0.576256553667425     
   1.81599750000000        2.42066333333333      -0.552570756514397     
   1.81599750000000        2.72299625000000      -0.519044976478730     
   1.81599750000000        3.02532916666667      -0.479321473659361     
   1.81599750000000        3.32766208333333      -0.437793906392597     
   1.81599750000000        3.62999500000000      -0.398189623507275     
   1.81599750000000        3.93232791666667      -0.362737850704149     
   1.81599750000000        4.23466083333333      -0.332123209295601     
   1.81599750000000        4.53699375000000      -0.305988629899675     
   1.81599750000000        4.83932666666667      -0.283593188538671     
   1.81599750000000        5.14165958333333      -0.264281751662369     
   1.81599750000000        5.44399250000000      -0.247625021367627     
   1.81599750000000        5.74632541666667      -0.233309305059162     
   1.81599750000000        6.04865833333333      -0.220950992267438     
   1.81599750000000        6.35099125000000      -0.209994154624454     
   1.81599750000000        6.65332416666666      -0.199858648269447     
   1.81599750000000        6.95565708333333      -0.190325456772828     
   1.81599750000000        7.25799000000000      -0.181562508928032     
   2.11833041666667       2.000000000000000E-003 -0.414772744118815     
   2.11833041666667       0.304332916666667      -0.455760043271890     
   2.11833041666667       0.606665833333333      -0.497460057907158     
   2.11833041666667       0.908998750000000      -0.533607078325709     
   2.11833041666667        1.21133166666667      -0.560196106988995     
   2.11833041666667        1.51366458333333      -0.574943892152894     
   2.11833041666667        1.81599750000000      -0.576259669934118     
   2.11833041666667        2.11833041666667      -0.563682644565976     
   2.11833041666667        2.42066333333333      -0.538653710930941     
   2.11833041666667        2.72299625000000      -0.504569648024571     
   2.11833041666667        3.02532916666667      -0.465881476669213     
   2.11833041666667        3.32766208333333      -0.426785126969513     
   2.11833041666667        3.62999500000000      -0.390221531365730     
   2.11833041666667        3.93232791666667      -0.357584307336720     
   2.11833041666667        4.23466083333333      -0.329062285071335     
   2.11833041666667        4.53699375000000      -0.304244651422637     
   2.11833041666667        4.83932666666667      -0.282612965065445     
   2.11833041666667        5.14165958333333      -0.263747235219329     
   2.11833041666667        5.44399250000000      -0.247302506235384     
   2.11833041666667        5.74632541666667      -0.232919703072296     
   2.11833041666667        6.04865833333333      -0.220194560076793     
   2.11833041666667        6.35099125000000      -0.208730344995587     
   2.11833041666667        6.65332416666666      -0.198244519002395     
   2.11833041666667        6.95565708333333      -0.188671067824405     
   2.11833041666667        7.25799000000000      -0.180025456785947     
   2.42066333333333       2.000000000000000E-003 -0.402377876087775     
   2.42066333333333       0.304332916666667      -0.439045823365504     
   2.42066333333333       0.606665833333333      -0.476565380167359     
   2.42066333333333       0.908998750000000      -0.510910334247381     
   2.42066333333333        1.21133166666667      -0.537496444140331     
   2.42066333333333        1.51366458333333      -0.552204614060379     
   2.42066333333333        1.81599750000000      -0.552573821745464     
   2.42066333333333        2.11833041666667      -0.538653610148718     
   2.42066333333333        2.42066333333333      -0.513074827121006     
   2.42066333333333        2.72299625000000      -0.480168994297909     
   2.42066333333333        3.02532916666667      -0.444523299073288     
   2.42066333333333        3.32766208333333      -0.409687479805817     
   2.42066333333333        3.62999500000000      -0.377595402419885     
   2.42066333333333        3.93232791666667      -0.348784670184240     
   2.42066333333333        4.23466083333333      -0.323055644275626     
   2.42066333333333        4.53699375000000      -0.300078550597785     
   2.42066333333333        4.83932666666667      -0.279651653479217     
   2.42066333333333        5.14165958333333      -0.261634333656658     
   2.42066333333333        5.44399250000000      -0.245786538000997     
   2.42066333333333        5.74632541666667      -0.231725830183026     
   2.42066333333333        6.04865833333333      -0.219040580035549     
   2.42066333333333        6.35099125000000      -0.207444460228936     
   2.42066333333333        6.65332416666666      -0.196844042072770     
   2.42066333333333        6.95565708333333      -0.187302064780073     
   2.42066333333333        7.25799000000000      -0.178904482742648     
   2.72299625000000       2.000000000000000E-003 -0.391446624409772     
   2.72299625000000       0.304332916666667      -0.422064995842803     
   2.72299625000000       0.606665833333333      -0.455504710303815     
   2.72299625000000       0.908998750000000      -0.485879518176842     
   2.72299625000000        1.21133166666667      -0.508556264147649     
   2.72299625000000        1.51366458333333      -0.520494594648920     
   2.72299625000000        1.81599750000000      -0.519044094015503     
   2.72299625000000        2.11833041666667      -0.504566173464850     
   2.72299625000000        2.42066333333333      -0.480166126392379     
   2.72299625000000        2.72299625000000      -0.450327641674949     
   2.72299625000000        3.02532916666667      -0.419227875210872     
   2.72299625000000        3.32766208333333      -0.389569384451251     
   2.72299625000000        3.62999500000000      -0.362368608779054     
   2.72299625000000        3.93232791666667      -0.337541917556895     
   2.72299625000000        4.23466083333333      -0.314726619211651     
   2.72299625000000        4.53699375000000      -0.293794467877486     
   2.72299625000000        4.83932666666667      -0.274867016918197     
   2.72299625000000        5.14165958333333      -0.258030684681056     
   2.72299625000000        5.44399250000000      -0.243104592727471     
   2.72299625000000        5.74632541666667      -0.229674190120118     
   2.72299625000000        6.04865833333333      -0.217331365886875     
   2.72299625000000        6.35099125000000      -0.205886666248097     
   2.72299625000000        6.65332416666666      -0.195429351446871     
   2.72299625000000        6.95565708333333      -0.186324391998712     
   2.72299625000000        7.25799000000000      -0.178528188695020     
   3.02532916666667       2.000000000000000E-003 -0.381625718581534     
   3.02532916666667       0.304332916666667      -0.401880086340272     
   3.02532916666667       0.606665833333333      -0.429031388696253     
   3.02532916666667       0.908998750000000      -0.455730348358716     
   3.02532916666667        1.21133166666667      -0.473611391238481     
   3.02532916666667        1.51366458333333      -0.481961519113587     
   3.02532916666667        1.81599750000000      -0.479312183498441     
   3.02532916666667        2.11833041666667      -0.465871488579146     
   3.02532916666667        2.42066333333333      -0.444515335696897     
   3.02532916666667        2.72299625000000      -0.419223518010319     
   3.02532916666667        3.02532916666667      -0.393410120244808     
   3.02532916666667        3.32766208333333      -0.368955162069187     
   3.02532916666667        3.62999500000000      -0.346250478852513     
   3.02532916666667        3.93232791666667      -0.324949750596597     
   3.02532916666667        4.23466083333333      -0.304775172094646     
   3.02532916666667        4.53699375000000      -0.285865658572856     
   3.02532916666667        4.83932666666667      -0.268590667267094     
   3.02532916666667        5.14165958333333      -0.253147320743371     
   3.02532916666667        5.44399250000000      -0.239341542423021     
   3.02532916666667        5.74632541666667      -0.226722527555824     
   3.02532916666667        6.04865833333333      -0.214921280765267     
   3.02532916666667        6.35099125000000      -0.203854327475879     
   3.02532916666667        6.65332416666666      -0.193785987581270     
   3.02532916666667        6.95565708333333      -0.185401155333660     
   3.02532916666667        7.25799000000000      -0.178555419644494     
   3.32766208333333       2.000000000000000E-003 -0.373121345815768     
   3.32766208333333       0.304332916666667      -0.381907731633091     
   3.32766208333333       0.606665833333333      -0.400334241491762     
   3.32766208333333       0.908998750000000      -0.421493257349443     
   3.32766208333333        1.21133166666667      -0.435418010645777     
   3.32766208333333        1.51366458333333      -0.440551160220373     
   3.32766208333333        1.81599750000000      -0.437772581893780     
   3.32766208333333        2.11833041666667      -0.426766436345373     
   3.32766208333333        2.42066333333333      -0.409673151832371     
   3.32766208333333        2.72299625000000      -0.389560095599708     
   3.32766208333333        3.02532916666667      -0.368950847117301     
   3.32766208333333        3.32766208333333      -0.349080566681324     
   3.32766208333333        3.62999500000000      -0.330066560389433     
   3.32766208333333        3.93232791666667      -0.311628108071161     
   3.32766208333333        4.23466083333333      -0.293736733753482     
   3.32766208333333        4.53699375000000      -0.276773885044504     
   3.32766208333333        4.83932666666667      -0.261222250278571     
   3.32766208333333        5.14165958333333      -0.247258713825210     
   3.32766208333333        5.44399250000000      -0.234622272240997     
   3.32766208333333        5.74632541666667      -0.222849394221574     
   3.32766208333333        6.04865833333333      -0.211658735581079     
   3.32766208333333        6.35099125000000      -0.201026584388630     
   3.32766208333333        6.65332416666666      -0.191356428058845     
   3.32766208333333        6.95565708333333      -0.183683198842592     
   3.32766208333333        7.25799000000000      -0.177789058401969     
   3.62999500000000       2.000000000000000E-003 -0.357646395518864     
   3.62999500000000       0.304332916666667      -0.368258561319071     
   3.62999500000000       0.606665833333333      -0.375671797889725     
   3.62999500000000       0.908998750000000      -0.387887972150694     
   3.62999500000000        1.21133166666667      -0.397056408650997     
   3.62999500000000        1.51366458333333      -0.400203044412194     
   3.62999500000000        1.81599750000000      -0.398155463154836     
   3.62999500000000        2.11833041666667      -0.390193949355396     
   3.62999500000000        2.42066333333333      -0.377574944930077     
   3.62999500000000        2.72299625000000      -0.362354967629474     
   3.62999500000000        3.02532916666667      -0.346242740417975     
   3.62999500000000        3.32766208333333      -0.330063449579618     
   3.62999500000000        3.62999500000000      -0.313938183934989     
   3.62999500000000        3.93232791666667      -0.297838942973593     
   3.62999500000000        4.23466083333333      -0.282011443056490     
   3.62999500000000        4.53699375000000      -0.266969845802460     
   3.62999500000000        4.83932666666667      -0.253160438122901     
   3.62999500000000        5.14165958333333      -0.240644733648651     
   3.62999500000000        5.44399250000000      -0.229091344998603     
   3.62999500000000        5.74632541666667      -0.218079858602671     
   3.62999500000000        6.04865833333333      -0.207454904353395     
   3.62999500000000        6.35099125000000      -0.197341996709312     
   3.62999500000000        6.65332416666666      -0.188274053108505     
   3.62999500000000        6.95565708333333      -0.181363529919480     
   3.62999500000000        7.25799000000000      -0.176118034432596     
   3.93232791666667       2.000000000000000E-003 -0.338285222647948     
   3.93232791666667       0.304332916666667      -0.351028559668158     
   3.93232791666667       0.606665833333333      -0.352667883521449     
   3.93232791666667       0.908998750000000      -0.356737671711421     
   3.93232791666667        1.21133166666667      -0.361396780468034     
   3.93232791666667        1.51366458333333      -0.363657893653964     
   3.93232791666667        1.81599750000000      -0.362693923875113     
   3.93232791666667        2.11833041666667      -0.357550168995403     
   3.93232791666667        2.42066333333333      -0.348760050677708     
   3.93232791666667        2.72299625000000      -0.337525690856747     
   3.93232791666667        3.02532916666667      -0.324940257385355     
   3.93232791666667        3.32766208333333      -0.311623534113712     
   3.93232791666667        3.62999500000000      -0.297837506947591     
   3.93232791666667        3.93232791666667      -0.283823735262895     
   3.93232791666667        4.23466083333333      -0.270005281555827     
   3.93232791666667        4.53699375000000      -0.256883511238967     
   3.93232791666667        4.83932666666667      -0.244757417171366     
   3.93232791666667        5.14165958333333      -0.233547445959945     
   3.93232791666667        5.44399250000000      -0.222903182481792     
   3.93232791666667        5.74632541666667      -0.212522127534989     
   3.93232791666667        6.04865833333333      -0.202420289866789     
   3.93232791666667        6.35099125000000      -0.192953573111431     
   3.93232791666667        6.65332416666666      -0.184789339841161     
   3.93232791666667        6.95565708333333      -0.178590944934552     
   3.93232791666667        7.25799000000000      -0.172961402874207     
   4.23466083333333       2.000000000000000E-003 -0.312678655395838     
   4.23466083333333       0.304332916666667      -0.323644765255224     
   4.23466083333333       0.606665833333333      -0.325625157271463     
   4.23466083333333       0.908998750000000      -0.327182756115130     
   4.23466083333333        1.21133166666667      -0.329908604809187     
   4.23466083333333        1.51366458333333      -0.332087887237898     
   4.23466083333333        1.81599750000000      -0.332075500018435     
   4.23466083333333        2.11833041666667      -0.329025953979963     
   4.23466083333333        2.42066333333333      -0.323030173598564     
   4.23466083333333        2.72299625000000      -0.314710389188792     
   4.23466083333333        3.02532916666667      -0.304766024115860     
   4.23466083333333        3.32766208333333      -0.293732507709618     
   4.23466083333333        3.62999500000000      -0.282010224398514     
   4.23466083333333        3.93232791666667      -0.270005403854098     
   4.23466083333333        4.23466083333333      -0.258172478866005     
   4.23466083333333        4.53699375000000      -0.246886499442444     
   4.23466083333333        4.83932666666667      -0.236266373072336     
   4.23466083333333        5.14165958333333      -0.226138136868912     
   4.23466083333333        5.44399250000000      -0.216213717157718     
   4.23466083333333        5.74632541666667      -0.206368148143537     
   4.23466083333333        6.04865833333333      -0.196799223162315     
   4.23466083333333        6.35099125000000      -0.187973243901195     
   4.23466083333333        6.65332416666666      -0.180520656940462     
   4.23466083333333        6.95565708333333      -0.174620208320681     
   4.23466083333333        7.25799000000000      -0.169082960353229     
   4.53699375000000       2.000000000000000E-003 -0.282564610387500     
   4.53699375000000       0.304332916666667      -0.292903706509811     
   4.53699375000000       0.606665833333333      -0.297212517030154     
   4.53699375000000       0.908998750000000      -0.300028360386563     
   4.53699375000000        1.21133166666667      -0.303038848482896     
   4.53699375000000        1.51366458333333      -0.305347632389056     
   4.53699375000000        1.81599750000000      -0.305943901648272     
   4.53699375000000        2.11833041666667      -0.304211240738464     
   4.53699375000000        2.42066333333333      -0.300055967965251     
   4.53699375000000        2.72299625000000      -0.293780917362981     
   4.53699375000000        3.02532916666667      -0.285858818931634     
   4.53699375000000        3.32766208333333      -0.276771548121428     
   4.53699375000000        3.62999500000000      -0.266970178359322     
   4.53699375000000        3.93232791666667      -0.256885002692538     
   4.53699375000000        4.23466083333333      -0.246887825922035     
   4.53699375000000        4.53699375000000      -0.237193724851401     
   4.53699375000000        4.83932666666667      -0.227791451908029     
   4.53699375000000        5.14165958333333      -0.218503035016922     
   4.53699375000000        5.44399250000000      -0.209172895590370     
   4.53699375000000        5.74632541666667      -0.199862466401786     
   4.53699375000000        6.04865833333333      -0.190896374710021     
   4.53699375000000        6.35099125000000      -0.182711880343899     
   4.53699375000000        6.65332416666666      -0.175684586609548     
   4.53699375000000        6.95565708333333      -0.169799979083879     
   4.53699375000000        7.25799000000000      -0.164247855202004     
   4.83932666666667       2.000000000000000E-003 -0.256110902012110     
   4.83932666666667       0.304332916666667      -0.265836636157071     
   4.83932666666667       0.606665833333333      -0.272152821824410     
   4.83932666666667       0.908998750000000      -0.276698897995994     
   4.83932666666667        1.21133166666667      -0.280231987465871     
   4.83932666666667        1.51366458333333      -0.282654303054728     
   4.83932666666667        1.81599750000000      -0.283557228431750     
   4.83932666666667        2.11833041666667      -0.282586975813955     
   4.83932666666667        2.42066333333333      -0.279635098964965     
   4.83932666666667        2.72299625000000      -0.274858166654808     
   4.83932666666667        3.02532916666667      -0.268587399447818     
   4.83932666666667        3.32766208333333      -0.261222658654658     
   4.83932666666667        3.62999500000000      -0.253163032580828     
   4.83932666666667        3.93232791666667      -0.244760995302033     
   4.83932666666667        4.23466083333333      -0.236269814892805     
   4.83932666666667        4.53699375000000      -0.227793654655479     
   4.83932666666667        4.83932666666667      -0.219291166393521     
   4.83932666666667        5.14165958333333      -0.210668613516205     
   4.83932666666667        5.44399250000000      -0.201927124282701     
   4.83932666666667        5.74632541666667      -0.193262810978971     
   4.83932666666667        6.04865833333333      -0.185030129703570     
   4.83932666666667        6.35099125000000      -0.177573128003639     
   4.83932666666667        6.65332416666666      -0.171030291178693     
   4.83932666666667        6.95565708333333      -0.165232830037013     
   4.83932666666667        7.25799000000000      -0.159754611317090     
   5.14165958333333       2.000000000000000E-003 -0.235575003261008     
   5.14165958333333       0.304332916666667      -0.244574827575064     
   5.14165958333333       0.606665833333333      -0.251637379844920     
   5.14165958333333       0.908998750000000      -0.257015316294172     
   5.14165958333333        1.21133166666667      -0.260838605486237     
   5.14165958333333        1.51366458333333      -0.263257771443249     
   5.14165958333333        1.81599750000000      -0.264258632828330     
   5.14165958333333        2.11833041666667      -0.263731688035675     
   5.14165958333333        2.42066333333333      -0.261625645257863     
   5.14165958333333        2.72299625000000      -0.258027407027665     
   5.14165958333333        3.02532916666667      -0.253147872853990     
   5.14165958333333        3.32766208333333      -0.247261826204346     
   5.14165958333333        3.62999500000000      -0.240649515352413     
   5.14165958333333        3.93232791666667      -0.233553154952016     
   5.14165958333333        4.23466083333333      -0.226143920705867     
   5.14165958333333        4.53699375000000      -0.218507865338786     
   5.14165958333333        4.83932666666667      -0.210671442124646     
   5.14165958333333        5.14165958333333      -0.202671318241700     
   5.14165958333333        5.44399250000000      -0.194632604813867     
   5.14165958333333        5.74632541666667      -0.186793331945353     
   5.14165958333333        6.04865833333333      -0.179437258564514     
   5.14165958333333        6.35099125000000      -0.172764362866994     
   5.14165958333333        6.65332416666666      -0.166788414893646     
   5.14165958333333        6.95565708333333      -0.161342755844846     
   5.14165958333333        7.25799000000000      -0.156107121931802     
   5.44399250000000       2.000000000000000E-003 -0.221343808932751     
   5.44399250000000       0.304332916666667      -0.229254277753097     
   5.44399250000000       0.606665833333333      -0.235971990578141     
   5.44399250000000       0.908998750000000      -0.241062367852655     
   5.44399250000000        1.21133166666667      -0.244585660080584     
   5.44399250000000        1.51366458333333      -0.246739010229762     
   5.44399250000000        1.81599750000000      -0.247617228891521     
   5.44399250000000        2.11833041666667      -0.247298737251556     
   5.44399250000000        2.42066333333333      -0.245786071998484     
   5.44399250000000        2.72299625000000      -0.243106544465525     
   5.44399250000000        3.02532916666667      -0.239345156696233     
   5.44399250000000        3.32766208333333      -0.234627179443186     
   5.44399250000000        3.62999500000000      -0.229097474777496     
   5.44399250000000        3.93232791666667      -0.222910395583298     
   5.44399250000000        4.23466083333333      -0.216221479551790     
   5.44399250000000        4.53699375000000      -0.209180253650253     
   5.44399250000000        4.83932666666667      -0.201932947559783     
   5.44399250000000        5.14165958333333      -0.194635881802572     
   5.44399250000000        5.44399250000000      -0.187466033775766     
   5.44399250000000        5.74632541666667      -0.180606736983635     
   5.44399250000000        6.04865833333333      -0.174205325467249     
   5.44399250000000        6.35099125000000      -0.168357684560510     
   5.44399250000000        6.65332416666666      -0.163036801428202     
   5.44399250000000        6.95565708333333      -0.158045427159807     
   5.44399250000000        7.25799000000000      -0.153158842253612     
   5.74632541666667       2.000000000000000E-003 -0.212200516257356     
   5.74632541666667       0.304332916666667      -0.218940998590944     
   5.74632541666667       0.606665833333333      -0.224881641777762     
   5.74632541666667       0.908998750000000      -0.229152950871866     
   5.74632541666667        1.21133166666667      -0.231682876860461     
   5.74632541666667        1.51366458333333      -0.232933627334957     
   5.74632541666667        1.81599750000000      -0.233318247763573     
   5.74632541666667        2.11833041666667      -0.232927597663337     
   5.74632541666667        2.42066333333333      -0.231732694251753     
   5.74632541666667        2.72299625000000      -0.229680057744708     
   5.74632541666667        3.02532916666667      -0.226727621535417     
   5.74632541666667        3.32766208333333      -0.222854403734625     
   5.74632541666667        3.62999500000000      -0.218085786230950     
   5.74632541666667        3.93232791666667      -0.212529642299136     
   5.74632541666667        4.23466083333333      -0.206377057963680     
   5.74632541666667        4.53699375000000      -0.199871823588093     
   5.74632541666667        4.83932666666667      -0.193271379216882     
   5.74632541666667        5.14165958333333      -0.186799964920271     
   5.74632541666667        5.44399250000000      -0.180610495929106     
   5.74632541666667        5.74632541666667      -0.174775270758473     
   5.74632541666667        6.04865833333333      -0.169344819050491     
   5.74632541666667        6.35099125000000      -0.164343545090966     
   5.74632541666667        6.65332416666666      -0.159683530397116     
   5.74632541666667        6.95565708333333      -0.155181360540692     
   5.74632541666667        7.25799000000000      -0.150658963264980     
   6.04865833333333       2.000000000000000E-003 -0.207097186228597     
   6.04865833333333       0.304332916666667      -0.212660378613732     
   6.04865833333333       0.606665833333333      -0.217646412171221     
   6.04865833333333       0.908998750000000      -0.220536318103425     
   6.04865833333333        1.21133166666667      -0.221529405842863     
   6.04865833333333        1.51366458333333      -0.221483873357460     
   6.04865833333333        1.81599750000000      -0.220976856487438     
   6.04865833333333        2.11833041666667      -0.220212746070206     
   6.04865833333333        2.42066333333333      -0.219053008197265     
   6.04865833333333        2.72299625000000      -0.217339191356024     
   6.04865833333333        3.02532916666667      -0.214925471089587     
   6.04865833333333        3.32766208333333      -0.211661036178621     
   6.04865833333333        3.62999500000000      -0.207458068000084     
   6.04865833333333        3.93232791666667      -0.202426347000765     
   6.04865833333333        4.23466083333333      -0.196808237521492     
   6.04865833333333        4.53699375000000      -0.190907037872006     
   6.04865833333333        4.83932666666667      -0.185040968965105     
   6.04865833333333        5.14165958333333      -0.179447082005359     
   6.04865833333333        5.44399250000000      -0.174213144852056     
   6.04865833333333        5.74632541666667      -0.169349208317070     
   6.04865833333333        6.04865833333333      -0.164837762194178     
   6.04865833333333        6.35099125000000      -0.160630343514274     
   6.04865833333333        6.65332416666666      -0.156610473883378     
   6.04865833333333        6.95565708333333      -0.152592674125464     
   6.04865833333333        7.25799000000000      -0.148417768278385     
   6.35099125000000       2.000000000000000E-003 -0.204518288252501     
   6.35099125000000       0.304332916666667      -0.209201857338004     
   6.35099125000000       0.606665833333333      -0.213036587847133     
   6.35099125000000       0.908998750000000      -0.213808609293050     
   6.35099125000000        1.21133166666667      -0.212849921508078     
   6.35099125000000        1.51366458333333      -0.211433668376165     
   6.35099125000000        1.81599750000000      -0.210033534060920     
   6.35099125000000        2.11833041666667      -0.208756030729929     
   6.35099125000000        2.42066333333333      -0.207460202743372     
   6.35099125000000        2.72299625000000      -0.205894184414641     
   6.35099125000000        3.02532916666667      -0.203854725076907     
   6.35099125000000        3.32766208333333      -0.201023251486937     
   6.35099125000000        3.62999500000000      -0.197340135574849     
   6.35099125000000        3.93232791666667      -0.192956822645096     
   6.35099125000000        4.23466083333333      -0.187981654377488     
   6.35099125000000        4.53699375000000      -0.182723394038068     
   6.35099125000000        4.83932666666667      -0.177585778306782     
   6.35099125000000        5.14165958333333      -0.172777067989129     
   6.35099125000000        5.44399250000000      -0.168369320414424     
   6.35099125000000        5.74632541666667      -0.164352420024741     
   6.35099125000000        6.04865833333333      -0.160635191589732     
   6.35099125000000        6.35099125000000      -0.157132185848752     
   6.35099125000000        6.65332416666666      -0.153699318541176     
   6.35099125000000        6.95565708333333      -0.150129532856551     
   6.35099125000000        7.25799000000000      -0.146248937324431     
   6.65332416666666       2.000000000000000E-003 -0.201649462162761     
   6.65332416666666       0.304332916666667      -0.206267664207163     
   6.65332416666666       0.606665833333333      -0.208283958988246     
   6.65332416666666       0.908998750000000      -0.206483645416606     
   6.65332416666666        1.21133166666667      -0.203996548588729     
   6.65332416666666        1.51366458333333      -0.201800044075367     
   6.65332416666666        1.81599750000000      -0.199903929226877     
   6.65332416666666        2.11833041666667      -0.198273494813952     
   6.65332416666666        2.42066333333333      -0.196861017708532     
   6.65332416666666        2.72299625000000      -0.195435700114254     
   6.65332416666666        3.02532916666667      -0.193783229260816     
   6.65332416666666        3.32766208333333      -0.191348872481081     
   6.65332416666666        3.62999500000000      -0.188269505525620     
   6.65332416666666        3.93232791666667      -0.184791967781116     
   6.65332416666666        4.23466083333333      -0.180529349085296     
   6.65332416666666        4.53699375000000      -0.175696967475485     
   6.65332416666666        4.83932666666667      -0.171044437810797     
   6.65332416666666        5.14165958333333      -0.166803529462227     
   6.65332416666666        5.44399250000000      -0.163051874246719     
   6.65332416666666        5.74632541666667      -0.159697160806650     
   6.65332416666666        6.04865833333333      -0.156621088384623     
   6.65332416666666        6.35099125000000      -0.153705251959999     
   6.65332416666666        6.65332416666666      -0.150768802778502     
   6.65332416666666        6.95565708333333      -0.147570032841641     
   6.65332416666666        7.25799000000000      -0.143923645771505     
   6.95565708333333       2.000000000000000E-003 -0.193512623080257     
   6.95565708333333       0.304332916666667      -0.199464320068635     
   6.95565708333333       0.606665833333333      -0.198913876999888     
   6.95565708333333       0.908998750000000      -0.196284656515761     
   6.95565708333333        1.21133166666667      -0.194139211381842     
   6.95565708333333        1.51366458333333      -0.192210267591847     
   6.95565708333333        1.81599750000000      -0.190368211522933     
   6.95565708333333        2.11833041666667      -0.188699286550886     
   6.95565708333333        2.42066333333333      -0.187319434634462     
   6.95565708333333        2.72299625000000      -0.186332308914576     
   6.95565708333333        3.02532916666667      -0.185401357095342     
   6.95565708333333        3.32766208333333      -0.183680562898183     
   6.95565708333333        3.62999500000000      -0.181366849876037     
   6.95565708333333        3.93232791666667      -0.178599273125463     
   6.95565708333333        4.23466083333333      -0.174631286997920     
   6.95565708333333        4.53699375000000      -0.169813456123943     
   6.95565708333333        4.83932666666667      -0.165248180919641     
   6.95565708333333        5.14165958333333      -0.161359718854666     
   6.95565708333333        5.44399250000000      -0.158063785321204     
   6.95565708333333        5.74632541666667      -0.155200504572969     
   6.95565708333333        6.04865833333333      -0.152611264672565     
   6.95565708333333        6.35099125000000      -0.150145203146773     
   6.95565708333333        6.65332416666666      -0.147579751201261     
   6.95565708333333        6.95565708333333      -0.144519867472969     
   6.95565708333333        7.25799000000000      -0.140941919360813     
   7.25799000000000       2.000000000000000E-003 -0.183294055164570     
   7.25799000000000       0.304332916666667      -0.187398773750575     
   7.25799000000000       0.606665833333333      -0.186944478170691     
   7.25799000000000       0.908998750000000      -0.185834560269625     
   7.25799000000000        1.21133166666667      -0.184704397880398     
   7.25799000000000        1.51366458333333      -0.183244051516873     
   7.25799000000000        1.81599750000000      -0.181598929597771     
   7.25799000000000        2.11833041666667      -0.180051384506505     
   7.25799000000000        2.42066333333333      -0.178923013366657     
   7.25799000000000        2.72299625000000      -0.178541453436709     
   7.25799000000000        3.02532916666667      -0.178566448134936     
   7.25799000000000        3.32766208333333      -0.177801334700571     
   7.25799000000000        3.62999500000000      -0.176131035138461     
   7.25799000000000        3.93232791666667      -0.172975472697468     
   7.25799000000000        4.23466083333333      -0.169096738032317     
   7.25799000000000        4.53699375000000      -0.164262389022028     
   7.25799000000000        4.83932666666667      -0.159770770391595     
   7.25799000000000        5.14165958333333      -0.156125497647701     
   7.25799000000000        5.44399250000000      -0.153180125954217     
   7.25799000000000        5.74632541666667      -0.150683494737795     
   7.25799000000000        6.04865833333333      -0.148445045628949     
   7.25799000000000        6.35099125000000      -0.146277118475015     
   7.25799000000000        6.65332416666666      -0.143949316710948     
   7.25799000000000        6.95565708333333      -0.140957763118237     
   7.25799000000000        7.25799000000000      -0.137284151403747     
