  2.000000000000000E-003  2.000000000000000E-003 -0.289509764670849     
  2.000000000000000E-003  0.304332916666667      -0.292954292725244     
  2.000000000000000E-003  0.606665833333333      -0.284010353832221     
  2.000000000000000E-003  0.908998750000000      -0.274715947272337     
  2.000000000000000E-003   1.21133166666667      -0.265763272917874     
  2.000000000000000E-003   1.51366458333333      -0.255858847043257     
  2.000000000000000E-003   1.81599750000000      -0.245416398123736     
  2.000000000000000E-003   2.11833041666667      -0.235354460282904     
  2.000000000000000E-003   2.42066333333333      -0.226522386043432     
  2.000000000000000E-003   2.72299625000000      -0.219194879332366     
  2.000000000000000E-003   3.02532916666667      -0.212963073463269     
  2.000000000000000E-003   3.32766208333333      -0.206280975879889     
  2.000000000000000E-003   3.62999500000000      -0.199343527899449     
  2.000000000000000E-003   3.93232791666667      -0.191561139198671     
  2.000000000000000E-003   4.23466083333333      -0.183777678029634     
  2.000000000000000E-003   4.53699375000000      -0.175281943312591     
  2.000000000000000E-003   4.83932666666667      -0.167511325098939     
  2.000000000000000E-003   5.14165958333333      -0.161105761404086     
  2.000000000000000E-003   5.44399250000000      -0.156026453203846     
  2.000000000000000E-003   5.74632541666667      -0.151848489424258     
  2.000000000000000E-003   6.04865833333333      -0.148268034853139     
  2.000000000000000E-003   6.35099125000000      -0.144998630141544     
  2.000000000000000E-003   6.65332416666666      -0.141681668044615     
  2.000000000000000E-003   6.95565708333333      -0.137696238362355     
  2.000000000000000E-003   7.25799000000000      -0.133337433933891     
  0.304332916666667       2.000000000000000E-003 -0.317908634371946     
  0.304332916666667       0.304332916666667      -0.324265340198777     
  0.304332916666667       0.606665833333333      -0.312797539971799     
  0.304332916666667       0.908998750000000      -0.298455243359580     
  0.304332916666667        1.21133166666667      -0.285733434827450     
  0.304332916666667        1.51366458333333      -0.273243304231028     
  0.304332916666667        1.81599750000000      -0.260842922166720     
  0.304332916666667        2.11833041666667      -0.249072805103914     
  0.304332916666667        2.42066333333333      -0.238470784115802     
  0.304332916666667        2.72299625000000      -0.229104960227260     
  0.304332916666667        3.02532916666667      -0.220420525704059     
  0.304332916666667        3.32766208333333      -0.211333589429597     
  0.304332916666667        3.62999500000000      -0.202822819368525     
  0.304332916666667        3.93232791666667      -0.195776874972429     
  0.304332916666667        4.23466083333333      -0.188072709756082     
  0.304332916666667        4.53699375000000      -0.179649328486382     
  0.304332916666667        4.83932666666667      -0.171794092602854     
  0.304332916666667        5.14165958333333      -0.165146538421784     
  0.304332916666667        5.44399250000000      -0.159702579727700     
  0.304332916666667        5.74632541666667      -0.155173352069804     
  0.304332916666667        6.04865833333333      -0.151284968385399     
  0.304332916666667        6.35099125000000      -0.147775728496241     
  0.304332916666667        6.65332416666666      -0.144306923558329     
  0.304332916666667        6.95565708333333      -0.140289105141883     
  0.304332916666667        7.25799000000000      -0.135672681862503     
  0.606665833333333       2.000000000000000E-003 -0.347170964402545     
  0.606665833333333       0.304332916666667      -0.348125669208483     
  0.606665833333333       0.606665833333333      -0.339419797946480     
  0.606665833333333       0.908998750000000      -0.323653068068621     
  0.606665833333333        1.21133166666667      -0.307467358926709     
  0.606665833333333        1.51366458333333      -0.292136542637710     
  0.606665833333333        1.81599750000000      -0.277591296972078     
  0.606665833333333        2.11833041666667      -0.263975937881833     
  0.606665833333333        2.42066333333333      -0.251516357683174     
  0.606665833333333        2.72299625000000      -0.240032013092136     
  0.606665833333333        3.02532916666667      -0.229083238298361     
  0.606665833333333        3.32766208333333      -0.218093555951073     
  0.606665833333333        3.62999500000000      -0.207998304938265     
  0.606665833333333        3.93232791666667      -0.199594630771826     
  0.606665833333333        4.23466083333333      -0.191596680843865     
  0.606665833333333        4.53699375000000      -0.183462920543655     
  0.606665833333333        4.83932666666667      -0.175828935360622     
  0.606665833333333        5.14165958333333      -0.169032145148849     
  0.606665833333333        5.44399250000000      -0.163234930750277     
  0.606665833333333        5.74632541666667      -0.158294839996964     
  0.606665833333333        6.04865833333333      -0.153996600232045     
  0.606665833333333        6.35099125000000      -0.150089775143524     
  0.606665833333333        6.65332416666666      -0.146177294191497     
  0.606665833333333        6.95565708333333      -0.141774136427100     
  0.606665833333333        7.25799000000000      -0.137214949010323     
  0.908998750000000       2.000000000000000E-003 -0.364666755663710     
  0.908998750000000       0.304332916666667      -0.363926810973114     
  0.908998750000000       0.606665833333333      -0.357458102375432     
  0.908998750000000       0.908998750000000      -0.344061678569667     
  0.908998750000000        1.21133166666667      -0.327722825705155     
  0.908998750000000        1.51366458333333      -0.311035169599398     
  0.908998750000000        1.81599750000000      -0.294898147927480     
  0.908998750000000        2.11833041666667      -0.279594692004663     
  0.908998750000000        2.42066333333333      -0.265373949655486     
  0.908998750000000        2.72299625000000      -0.252053856111082     
  0.908998750000000        3.02532916666667      -0.239347016355689     
  0.908998750000000        3.32766208333333      -0.227025417195575     
  0.908998750000000        3.62999500000000      -0.215554752618666     
  0.908998750000000        3.93232791666667      -0.205420716736191     
  0.908998750000000        4.23466083333333      -0.196315354234005     
  0.908998750000000        4.53699375000000      -0.187882086243783     
  0.908998750000000        4.83932666666667      -0.180035021950451     
  0.908998750000000        5.14165958333333      -0.172902199530597     
  0.908998750000000        5.44399250000000      -0.166636090175983     
  0.908998750000000        5.74632541666667      -0.161167996135484     
  0.908998750000000        6.04865833333333      -0.156308690182794     
  0.908998750000000        6.35099125000000      -0.151818814953228     
  0.908998750000000        6.65332416666666      -0.147379737921708     
  0.908998750000000        6.95565708333333      -0.142760355619650     
  0.908998750000000        7.25799000000000      -0.138259261296722     
   1.21133166666667       2.000000000000000E-003 -0.387241986053202     
   1.21133166666667       0.304332916666667      -0.385348342457481     
   1.21133166666667       0.606665833333333      -0.378356599064661     
   1.21133166666667       0.908998750000000      -0.365487358557872     
   1.21133166666667        1.21133166666667      -0.348823006518378     
   1.21133166666667        1.51366458333333      -0.330839152229575     
   1.21133166666667        1.81599750000000      -0.312977940743292     
   1.21133166666667        2.11833041666667      -0.295839968201302     
   1.21133166666667        2.42066333333333      -0.279781416995357     
   1.21133166666667        2.72299625000000      -0.264646693163951     
   1.21133166666667        3.02532916666667      -0.250252716662339     
   1.21133166666667        3.32766208333333      -0.236578221480890     
   1.21133166666667        3.62999500000000      -0.223830033466682     
   1.21133166666667        3.93232791666667      -0.212333694105565     
   1.21133166666667        4.23466083333333      -0.202114515016060     
   1.21133166666667        4.53699375000000      -0.192878473627601     
   1.21133166666667        4.83932666666667      -0.184441246537099     
   1.21133166666667        5.14165958333333      -0.176785372999764     
   1.21133166666667        5.44399250000000      -0.169933424608732     
   1.21133166666667        5.74632541666667      -0.163832686376462     
   1.21133166666667        6.04865833333333      -0.158335300220820     
   1.21133166666667        6.35099125000000      -0.153254445637750     
   1.21133166666667        6.65332416666666      -0.148384257349731     
   1.21133166666667        6.95565708333333      -0.143623756778610     
   1.21133166666667        7.25799000000000      -0.139088606039941     
   1.51366458333333       2.000000000000000E-003 -0.428705540504036     
   1.51366458333333       0.304332916666667      -0.425082321324514     
   1.51366458333333       0.606665833333333      -0.414285724658557     
   1.51366458333333       0.908998750000000      -0.397356885266242     
   1.51366458333333        1.21133166666667      -0.376620159994582     
   1.51366458333333        1.51366458333333      -0.354751533371921     
   1.51366458333333        1.81599750000000      -0.333318057069076     
   1.51366458333333        2.11833041666667      -0.313137593330207     
   1.51366458333333        2.42066333333333      -0.294593643705311     
   1.51366458333333        2.72299625000000      -0.277383581766320     
   1.51366458333333        3.02532916666667      -0.261188092180515     
   1.51366458333333        3.32766208333333      -0.245966548021128     
   1.51366458333333        3.62999500000000      -0.231914701587001     
   1.51366458333333        3.93232791666667      -0.219249039947199     
   1.51366458333333        4.23466083333333      -0.207989025384859     
   1.51366458333333        4.53699375000000      -0.197942673391141     
   1.51366458333333        4.83932666666667      -0.188871010165367     
   1.51366458333333        5.14165958333333      -0.180615728834536     
   1.51366458333333        5.44399250000000      -0.173114167984777     
   1.51366458333333        5.74632541666667      -0.166337535370692     
   1.51366458333333        6.04865833333333      -0.160200921678224     
   1.51366458333333        6.35099125000000      -0.154583364396446     
   1.51366458333333        6.65332416666666      -0.149350882528127     
   1.51366458333333        6.95565708333333      -0.144418356598102     
   1.51366458333333        7.25799000000000      -0.139785170375808     
   1.81599750000000       2.000000000000000E-003 -0.502510770460842     
   1.81599750000000       0.304332916666667      -0.495490634305550     
   1.81599750000000       0.606665833333333      -0.476342305576962     
   1.81599750000000       0.908998750000000      -0.448741949965121     
   1.81599750000000        1.21133166666667      -0.417697379883174     
   1.81599750000000        1.51366458333333      -0.386671594919874     
   1.81599750000000        1.81599750000000      -0.357646395518867     
   1.81599750000000        2.11833041666667      -0.332074593209955     
   1.81599750000000        2.42066333333333      -0.309790815037264     
   1.81599750000000        2.72299625000000      -0.289924040097380     
   1.81599750000000        3.02532916666667      -0.271725530436463     
   1.81599750000000        3.32766208333333      -0.254898474525770     
   1.81599750000000        3.62999500000000      -0.239514474982282     
   1.81599750000000        3.93232791666667      -0.225732508777416     
   1.81599750000000        4.23466083333333      -0.213555482753553     
   1.81599750000000        4.53699375000000      -0.202774619284054     
   1.81599750000000        4.83932666666667      -0.193085036678229     
   1.81599750000000        5.14165958333333      -0.184238728872590     
   1.81599750000000        5.44399250000000      -0.176118116485557     
   1.81599750000000        5.74632541666667      -0.168701994325115     
   1.81599750000000        6.04865833333333      -0.161975021800051     
   1.81599750000000        6.35099125000000      -0.155880662245351     
   1.81599750000000        6.65332416666666      -0.150324924065892     
   1.81599750000000        6.95565708333333      -0.145204681652768     
   1.81599750000000        7.25799000000000      -0.140452730712363     
   2.11833041666667       2.000000000000000E-003 -0.625673328518645     
   2.11833041666667       0.304332916666667      -0.612415103305851     
   2.11833041666667       0.606665833333333      -0.576529053025056     
   2.11833041666667       0.908998750000000      -0.528306401328764     
   2.11833041666667        1.21133166666667      -0.476560595081800     
   2.11833041666667        1.51366458333333      -0.428261761313507     
   2.11833041666667        1.81599750000000      -0.386946321713377     
   2.11833041666667        2.11833041666667      -0.353088049546613     
   2.11833041666667        2.42066333333333      -0.325381145328879     
   2.11833041666667        2.72299625000000      -0.302002213330228     
   2.11833041666667        3.02532916666667      -0.281472945792087     
   2.11833041666667        3.32766208333333      -0.262998203093446     
   2.11833041666667        3.62999500000000      -0.246356008629702     
   2.11833041666667        3.93232791666667      -0.231561714131947     
   2.11833041666667        4.23466083333333      -0.218559933724192     
   2.11833041666667        4.53699375000000      -0.207106875232232     
   2.11833041666667        4.83932666666667      -0.196848055293535     
   2.11833041666667        5.14165958333333      -0.187475350644184     
   2.11833041666667        5.44399250000000      -0.178830612385307     
   2.11833041666667        5.74632541666667      -0.170894556048234     
   2.11833041666667        6.04865833333333      -0.163694475674939     
   2.11833041666667        6.35099125000000      -0.157214074033269     
   2.11833041666667        6.65332416666666      -0.151374148066820     
   2.11833041666667        6.95565708333333      -0.146080950081563     
   2.11833041666667        7.25799000000000      -0.141215339102161     
   2.42066333333333       2.000000000000000E-003 -0.825074953070774     
   2.42066333333333       0.304332916666667      -0.797870009633861     
   2.42066333333333       0.606665833333333      -0.727346970196371     
   2.42066333333333       0.908998750000000      -0.638836222455222     
   2.42066333333333        1.21133166666667      -0.552899196378348     
   2.42066333333333        1.51366458333333      -0.479536592212541     
   2.42066333333333        1.81599750000000      -0.421094097984390     
   2.42066333333333        2.11833041666667      -0.375993583506460     
   2.42066333333333        2.42066333333333      -0.341140065765578     
   2.42066333333333        2.72299625000000      -0.313345331647932     
   2.42066333333333        3.02532916666667      -0.290121730154973     
   2.42066333333333        3.32766208333333      -0.269955793674140     
   2.42066333333333        3.62999500000000      -0.252159091418742     
   2.42066333333333        3.93232791666667      -0.236488557247288     
   2.42066333333333        4.23466083333333      -0.222775171178971     
   2.42066333333333        4.53699375000000      -0.210733908805814     
   2.42066333333333        4.83932666666667      -0.199984460753801     
   2.42066333333333        5.14165958333333      -0.190185807406654     
   2.42066333333333        5.44399250000000      -0.181148350243331     
   2.42066333333333        5.74632541666667      -0.172841535521009     
   2.42066333333333        6.04865833333333      -0.165309068739650     
   2.42066333333333        6.35099125000000      -0.158565883238943     
   2.42066333333333        6.65332416666666      -0.152548451180894     
   2.42066333333333        6.95565708333333      -0.147140582198642     
   2.42066333333333        7.25799000000000      -0.142222513132186     
   2.72299625000000       2.000000000000000E-003  -1.10667322251556     
   2.72299625000000       0.304332916666667       -1.05947424744011     
   2.72299625000000       0.606665833333333      -0.936701839648216     
   2.72299625000000       0.908998750000000      -0.783204247196583     
   2.72299625000000        1.21133166666667      -0.644972582905693     
   2.72299625000000        1.51366458333333      -0.537712362600591     
   2.72299625000000        1.81599750000000      -0.457891806493339     
   2.72299625000000        2.11833041666667      -0.399403083500947     
   2.72299625000000        2.42066333333333      -0.356276998326165     
   2.72299625000000        2.72299625000000      -0.323510486482389     
   2.72299625000000        3.02532916666667      -0.297395334489406     
   2.72299625000000        3.32766208333333      -0.275561776576138     
   2.72299625000000        3.62999500000000      -0.256742816061343     
   2.72299625000000        3.93232791666667      -0.240352944856107     
   2.72299625000000        4.23466083333333      -0.226064578755119     
   2.72299625000000        4.53699375000000      -0.213545046972744     
   2.72299625000000        4.83932666666667      -0.202406607843454     
   2.72299625000000        5.14165958333333      -0.192297501843834     
   2.72299625000000        5.44399250000000      -0.183005515209126     
   2.72299625000000        5.74632541666667      -0.174479139619373     
   2.72299625000000        6.04865833333333      -0.166756952690725     
   2.72299625000000        6.35099125000000      -0.159863343373554     
   2.72299625000000        6.65332416666666      -0.153783411392093     
   2.72299625000000        6.95565708333333      -0.148446081611903     
   2.72299625000000        7.25799000000000      -0.143589767037594     
   3.02532916666667       2.000000000000000E-003  -1.42316361426853     
   3.02532916666667       0.304332916666667       -1.35584472656901     
   3.02532916666667       0.606665833333333       -1.17493980100523     
   3.02532916666667       0.908998750000000      -0.947782144262302     
   3.02532916666667        1.21133166666667      -0.742818153739307     
   3.02532916666667        1.51366458333333      -0.595032694802212     
   3.02532916666667        1.81599750000000      -0.492389085562450     
   3.02532916666667        2.11833041666667      -0.420460682916782     
   3.02532916666667        2.42066333333333      -0.369287770036283     
   3.02532916666667        2.72299625000000      -0.331781511965840     
   3.02532916666667        3.02532916666667      -0.302982324834105     
   3.02532916666667        3.32766208333333      -0.279678312028069     
   3.02532916666667        3.62999500000000      -0.260028459837242     
   3.02532916666667        3.93232791666667      -0.243096588990738     
   3.02532916666667        4.23466083333333      -0.228386663327896     
   3.02532916666667        4.53699375000000      -0.215517250035541     
   3.02532916666667        4.83932666666667      -0.204102541840956     
   3.02532916666667        5.14165958333333      -0.193793519799345     
   3.02532916666667        5.44399250000000      -0.184363822468671     
   3.02532916666667        5.74632541666667      -0.175739649010119     
   3.02532916666667        6.04865833333333      -0.167946816189681     
   3.02532916666667        6.35099125000000      -0.161028452301002     
   3.02532916666667        6.65332416666666      -0.155020771145937     
   3.02532916666667        6.95565708333333      -0.149833073872136     
   3.02532916666667        7.25799000000000      -0.145097883087536     
   3.32766208333333       2.000000000000000E-003  -1.66359769449784     
   3.32766208333333       0.304332916666667       -1.58877524635642     
   3.32766208333333       0.606665833333333       -1.37135719722056     
   3.32766208333333       0.908998750000000       -1.08279271842491     
   3.32766208333333        1.21133166666667      -0.823194831155790     
   3.32766208333333        1.51366458333333      -0.638692706340246     
   3.32766208333333        1.81599750000000      -0.517561127201744     
   3.32766208333333        2.11833041666667      -0.435374974864077     
   3.32766208333333        2.42066333333333      -0.378234814222010     
   3.32766208333333        2.72299625000000      -0.337265980078900     
   3.32766208333333        3.02532916666667      -0.306534491614855     
   3.32766208333333        3.32766208333333      -0.282200810946652     
   3.32766208333333        3.62999500000000      -0.261997994077759     
   3.32766208333333        3.93232791666667      -0.244725863740820     
   3.32766208333333        4.23466083333333      -0.229758603081936     
   3.32766208333333        4.53699375000000      -0.216677108286960     
   3.32766208333333        4.83932666666667      -0.205099435540512     
   3.32766208333333        5.14165958333333      -0.194683118955560     
   3.32766208333333        5.44399250000000      -0.185194674259690     
   3.32766208333333        5.74632541666667      -0.176544301867521     
   3.32766208333333        6.04865833333333      -0.168749215616482     
   3.32766208333333        6.35099125000000      -0.161856760366577     
   3.32766208333333        6.65332416666666      -0.155887969910928     
   3.32766208333333        6.95565708333333      -0.150775032763948     
   3.32766208333333        7.25799000000000      -0.146117623007224     
   3.62999500000000       2.000000000000000E-003  -1.83810423660115     
   3.62999500000000       0.304332916666667       -1.67571779236316     
   3.62999500000000       0.606665833333333       -1.44689074339133     
   3.62999500000000       0.908998750000000       -1.13538860864681     
   3.62999500000000        1.21133166666667      -0.854571785659676     
   3.62999500000000        1.51366458333333      -0.655240774018278     
   3.62999500000000        1.81599750000000      -0.526858649167719     
   3.62999500000000        2.11833041666667      -0.440796023615527     
   3.62999500000000        2.42066333333333      -0.381439893398843     
   3.62999500000000        2.72299625000000      -0.339195887146020     
   3.62999500000000        3.02532916666667      -0.307757553390040     
   3.62999500000000        3.32766208333333      -0.283051718694845     
   3.62999500000000        3.62999500000000      -0.262653771308587     
   3.62999500000000        3.93232791666667      -0.245265142327205     
   3.62999500000000        4.23466083333333      -0.230211299818252     
   3.62999500000000        4.53699375000000      -0.217058957261401     
   3.62999500000000        4.83932666666667      -0.205427623036364     
   3.62999500000000        5.14165958333333      -0.194978140966909     
   3.62999500000000        5.44399250000000      -0.185474846381045     
   3.62999500000000        5.74632541666667      -0.176822283991864     
   3.62999500000000        6.04865833333333      -0.169034750290368     
   3.62999500000000        6.35099125000000      -0.162151931914477     
   3.62999500000000        6.65332416666666      -0.156174038690597     
   3.62999500000000        6.95565708333333      -0.151067377843524     
   3.62999500000000        7.25799000000000      -0.146730563279434     
   3.93232791666667       2.000000000000000E-003  -1.66360211354182     
   3.93232791666667       0.304332916666667       -1.58877976028281     
   3.93232791666667       0.606665833333333       -1.37136068126688     
   3.93232791666667       0.908998750000000       -1.08279551854128     
   3.93232791666667        1.21133166666667      -0.823196409778478     
   3.93232791666667        1.51366458333333      -0.638693397400908     
   3.93232791666667        1.81599750000000      -0.517561489225381     
   3.93232791666667        2.11833041666667      -0.435375178429480     
   3.93232791666667        2.42066333333333      -0.378234920479759     
   3.93232791666667        2.72299625000000      -0.337265980874733     
   3.93232791666667        3.02532916666667      -0.306534502767452     
   3.93232791666667        3.32766208333333      -0.282200820594076     
   3.93232791666667        3.62999500000000      -0.261998004861720     
   3.93232791666667        3.93232791666667      -0.244725873363398     
   3.93232791666667        4.23466083333333      -0.229758612110892     
   3.93232791666667        4.53699375000000      -0.216677105821538     
   3.93232791666667        4.83932666666667      -0.205099439464807     
   3.93232791666667        5.14165958333333      -0.194683130492558     
   3.93232791666667        5.44399250000000      -0.185194698673179     
   3.93232791666667        5.74632541666667      -0.176544351408537     
   3.93232791666667        6.04865833333333      -0.168749261123948     
   3.93232791666667        6.35099125000000      -0.161856821218062     
   3.93232791666667        6.65332416666666      -0.155888071284021     
   3.93232791666667        6.95565708333333      -0.150775268427608     
   3.93232791666667        7.25799000000000      -0.146117917805661     
   4.23466083333333       2.000000000000000E-003  -1.42317130629692     
   4.23466083333333       0.304332916666667       -1.35585125465796     
   4.23466083333333       0.606665833333333       -1.17494579399828     
   4.23466083333333       0.908998750000000      -0.947786300666619     
   4.23466083333333        1.21133166666667      -0.742820411168786     
   4.23466083333333        1.51366458333333      -0.595033809929237     
   4.23466083333333        1.81599750000000      -0.492389682328081     
   4.23466083333333        2.11833041666667      -0.420461010896695     
   4.23466083333333        2.42066333333333      -0.369287911902744     
   4.23466083333333        2.72299625000000      -0.331781567461320     
   4.23466083333333        3.02532916666667      -0.302982348084338     
   4.23466083333333        3.32766208333333      -0.279678315815561     
   4.23466083333333        3.62999500000000      -0.260028458820097     
   4.23466083333333        3.93232791666667      -0.243096617454298     
   4.23466083333333        4.23466083333333      -0.228386675502515     
   4.23466083333333        4.53699375000000      -0.215517271619930     
   4.23466083333333        4.83932666666667      -0.204102562077504     
   4.23466083333333        5.14165958333333      -0.193793543276724     
   4.23466083333333        5.44399250000000      -0.184363886398815     
   4.23466083333333        5.74632541666667      -0.175739743363036     
   4.23466083333333        6.04865833333333      -0.167946938063528     
   4.23466083333333        6.35099125000000      -0.161028602534187     
   4.23466083333333        6.65332416666666      -0.155021049519893     
   4.23466083333333        6.95565708333333      -0.149833582453321     
   4.23466083333333        7.25799000000000      -0.145098457477338     
   4.53699375000000       2.000000000000000E-003  -1.10668071061685     
   4.53699375000000       0.304332916666667       -1.05948153212082     
   4.53699375000000       0.606665833333333      -0.936707585626608     
   4.53699375000000       0.908998750000000      -0.783208012763522     
   4.53699375000000        1.21133166666667      -0.644974605374218     
   4.53699375000000        1.51366458333333      -0.537713477357479     
   4.53699375000000        1.81599750000000      -0.457892412078030     
   4.53699375000000        2.11833041666667      -0.399403417493326     
   4.53699375000000        2.42066333333333      -0.356277159490560     
   4.53699375000000        2.72299625000000      -0.323510523047731     
   4.53699375000000        3.02532916666667      -0.297395316035123     
   4.53699375000000        3.32766208333333      -0.275561771754604     
   4.53699375000000        3.62999500000000      -0.256742791922256     
   4.53699375000000        3.93232791666667      -0.240352963446283     
   4.53699375000000        4.23466083333333      -0.226064616844953     
   4.53699375000000        4.53699375000000      -0.213545075814913     
   4.53699375000000        4.83932666666667      -0.202406644238975     
   4.53699375000000        5.14165958333333      -0.192297566473790     
   4.53699375000000        5.44399250000000      -0.183005609627303     
   4.53699375000000        5.74632541666667      -0.174479277749616     
   4.53699375000000        6.04865833333333      -0.166757125744033     
   4.53699375000000        6.35099125000000      -0.159863544813826     
   4.53699375000000        6.65332416666666      -0.153783738276547     
   4.53699375000000        6.95565708333333      -0.148446574954896     
   4.53699375000000        7.25799000000000      -0.143590281715427     
   4.83932666666667       2.000000000000000E-003 -0.825080253894102     
   4.83932666666667       0.304332916666667      -0.797875070730470     
   4.83932666666667       0.606665833333333      -0.727350737268886     
   4.83932666666667       0.908998750000000      -0.638838671334928     
   4.83932666666667        1.21133166666667      -0.552900635038198     
   4.83932666666667        1.51366458333333      -0.479537430234131     
   4.83932666666667        1.81599750000000      -0.421094549827205     
   4.83932666666667        2.11833041666667      -0.375993814585153     
   4.83932666666667        2.42066333333333      -0.341140186525016     
   4.83932666666667        2.72299625000000      -0.313345386278727     
   4.83932666666667        3.02532916666667      -0.290121676179894     
   4.83932666666667        3.32766208333333      -0.269955736034454     
   4.83932666666667        3.62999500000000      -0.252159072915339     
   4.83932666666667        3.93232791666667      -0.236488570895814     
   4.83932666666667        4.23466083333333      -0.222775220519888     
   4.83932666666667        4.53699375000000      -0.210733957098291     
   4.83932666666667        4.83932666666667      -0.199984545212685     
   4.83932666666667        5.14165958333333      -0.190185925589163     
   4.83932666666667        5.44399250000000      -0.181148498817528     
   4.83932666666667        5.74632541666667      -0.172841709812259     
   4.83932666666667        6.04865833333333      -0.165309268789487     
   4.83932666666667        6.35099125000000      -0.158566095382336     
   4.83932666666667        6.65332416666666      -0.152548687109637     
   4.83932666666667        6.95565708333333      -0.147140874092306     
   4.83932666666667        7.25799000000000      -0.142222773301368     
   5.14165958333333       2.000000000000000E-003 -0.625676343382362     
   5.14165958333333       0.304332916666667      -0.612417758966340     
   5.14165958333333       0.606665833333333      -0.576530869235384     
   5.14165958333333       0.908998750000000      -0.528307623554800     
   5.14165958333333        1.21133166666667      -0.476561257246710     
   5.14165958333333        1.51366458333333      -0.428262100845119     
   5.14165958333333        1.81599750000000      -0.386946536693613     
   5.14165958333333        2.11833041666667      -0.353088157161538     
   5.14165958333333        2.42066333333333      -0.325381193223346     
   5.14165958333333        2.72299625000000      -0.302002174813802     
   5.14165958333333        3.02532916666667      -0.281472877501754     
   5.14165958333333        3.32766208333333      -0.262998102635855     
   5.14165958333333        3.62999500000000      -0.246355945880028     
   5.14165958333333        3.93232791666667      -0.231561685773787     
   5.14165958333333        4.23466083333333      -0.218560000215707     
   5.14165958333333        4.53699375000000      -0.207106986968394     
   5.14165958333333        4.83932666666667      -0.196848196755202     
   5.14165958333333        5.14165958333333      -0.187475543429458     
   5.14165958333333        5.44399250000000      -0.178830821959865     
   5.14165958333333        5.74632541666667      -0.170894754139234     
   5.14165958333333        6.04865833333333      -0.163694681618784     
   5.14165958333333        6.35099125000000      -0.157214274359861     
   5.14165958333333        6.65332416666666      -0.151374330919267     
   5.14165958333333        6.95565708333333      -0.146081113249344     
   5.14165958333333        7.25799000000000      -0.141215442633517     
   5.44399250000000       2.000000000000000E-003 -0.502511971286742     
   5.44399250000000       0.304332916666667      -0.495491611834499     
   5.44399250000000       0.606665833333333      -0.476342734512573     
   5.44399250000000       0.908998750000000      -0.448741981554302     
   5.44399250000000        1.21133166666667      -0.417697152527668     
   5.44399250000000        1.51366458333333      -0.386671473736188     
   5.44399250000000        1.81599750000000      -0.357646341842430     
   5.44399250000000        2.11833041666667      -0.332074569332171     
   5.44399250000000        2.42066333333333      -0.309790775855825     
   5.44399250000000        2.72299625000000      -0.289923971142626     
   5.44399250000000        3.02532916666667      -0.271725405310247     
   5.44399250000000        3.32766208333333      -0.254898334794150     
   5.44399250000000        3.62999500000000      -0.239514394701388     
   5.44399250000000        3.93232791666667      -0.225732471176660     
   5.44399250000000        4.23466083333333      -0.213555561945121     
   5.44399250000000        4.53699375000000      -0.202774779564851     
   5.44399250000000        4.83932666666667      -0.193085269044475     
   5.44399250000000        5.14165958333333      -0.184239002765695     
   5.44399250000000        5.44399250000000      -0.176118380010723     
   5.44399250000000        5.74632541666667      -0.168702230327953     
   5.44399250000000        6.04865833333333      -0.161975235955422     
   5.44399250000000        6.35099125000000      -0.155880861594752     
   5.44399250000000        6.65332416666666      -0.150325101092420     
   5.44399250000000        6.95565708333333      -0.145204802648983     
   5.44399250000000        7.25799000000000      -0.140452783927245     
   5.74632541666667       2.000000000000000E-003 -0.428705813683681     
   5.74632541666667       0.304332916666667      -0.425082445741636     
   5.74632541666667       0.606665833333333      -0.414285332646072     
   5.74632541666667       0.908998750000000      -0.397356035366127     
   5.74632541666667        1.21133166666667      -0.376619261253066     
   5.74632541666667        1.51366458333333      -0.354750876405234     
   5.74632541666667        1.81599750000000      -0.333317769253307     
   5.74632541666667        2.11833041666667      -0.313137442678879     
   5.74632541666667        2.42066333333333      -0.294593569082999     
   5.74632541666667        2.72299625000000      -0.277383518725888     
   5.74632541666667        3.02532916666667      -0.261187958976052     
   5.74632541666667        3.32766208333333      -0.245966418726336     
   5.74632541666667        3.62999500000000      -0.231914592267333     
   5.74632541666667        3.93232791666667      -0.219249009795917     
   5.74632541666667        4.23466083333333      -0.207989129388209     
   5.74632541666667        4.53699375000000      -0.197942907432329     
   5.74632541666667        4.83932666666667      -0.188871315444679     
   5.74632541666667        5.14165958333333      -0.180616035285149     
   5.74632541666667        5.44399250000000      -0.173114469651244     
   5.74632541666667        5.74632541666667      -0.166337792150272     
   5.74632541666667        6.04865833333333      -0.160201124308786     
   5.74632541666667        6.35099125000000      -0.154583496276495     
   5.74632541666667        6.65332416666666      -0.149350978341298     
   5.74632541666667        6.95565708333333      -0.144418446688472     
   5.74632541666667        7.25799000000000      -0.139785228707822     
   6.04865833333333       2.000000000000000E-003 -0.387241828062104     
   6.04865833333333       0.304332916666667      -0.385348052424776     
   6.04865833333333       0.606665833333333      -0.378355815782490     
   6.04865833333333       0.908998750000000      -0.365486428807201     
   6.04865833333333        1.21133166666667      -0.348822134367151     
   6.04865833333333        1.51366458333333      -0.330838580767604     
   6.04865833333333        1.81599750000000      -0.312977702750623     
   6.04865833333333        2.11833041666667      -0.295839933026005     
   6.04865833333333        2.42066333333333      -0.279781444776734     
   6.04865833333333        2.72299625000000      -0.264646684873939     
   6.04865833333333        3.02532916666667      -0.250252609897332     
   6.04865833333333        3.32766208333333      -0.236578065426299     
   6.04865833333333        3.62999500000000      -0.223829833804621     
   6.04865833333333        3.93232791666667      -0.212333612733919     
   6.04865833333333        4.23466083333333      -0.202114606165485     
   6.04865833333333        4.53699375000000      -0.192878736001799     
   6.04865833333333        4.83932666666667      -0.184441601071947     
   6.04865833333333        5.14165958333333      -0.176785732180949     
   6.04865833333333        5.44399250000000      -0.169933737893451     
   6.04865833333333        5.74632541666667      -0.163832920866068     
   6.04865833333333        6.04865833333333      -0.158335408982411     
   6.04865833333333        6.35099125000000      -0.153254488845713     
   6.04865833333333        6.65332416666666      -0.148384349031806     
   6.04865833333333        6.95565708333333      -0.143623974253399     
   6.04865833333333        7.25799000000000      -0.139088852643982     
   6.35099125000000       2.000000000000000E-003 -0.364666429644119     
   6.35099125000000       0.304332916666667      -0.363926370146913     
   6.35099125000000       0.606665833333333      -0.357457965463814     
   6.35099125000000       0.908998750000000      -0.344061868809267     
   6.35099125000000        1.21133166666667      -0.327723081785505     
   6.35099125000000        1.51366458333333      -0.311035364041190     
   6.35099125000000        1.81599750000000      -0.294898411173368     
   6.35099125000000        2.11833041666667      -0.279594984402284     
   6.35099125000000        2.42066333333333      -0.265374166645982     
   6.35099125000000        2.72299625000000      -0.252053918719135     
   6.35099125000000        3.02532916666667      -0.239346915301427     
   6.35099125000000        3.32766208333333      -0.227025188565629     
   6.35099125000000        3.62999500000000      -0.215554546698751     
   6.35099125000000        3.93232791666667      -0.205420704884881     
   6.35099125000000        4.23466083333333      -0.196315517274543     
   6.35099125000000        4.53699375000000      -0.187882390291432     
   6.35099125000000        4.83932666666667      -0.180035404139234     
   6.35099125000000        5.14165958333333      -0.172902551190882     
   6.35099125000000        5.44399250000000      -0.166636361952661     
   6.35099125000000        5.74632541666667      -0.161168137989273     
   6.35099125000000        6.04865833333333      -0.156308753331199     
   6.35099125000000        6.35099125000000      -0.151818937062518     
   6.35099125000000        6.65332416666666      -0.147379997338877     
   6.35099125000000        6.95565708333333      -0.142760692971013     
   6.35099125000000        7.25799000000000      -0.138259604638301     
   6.65332416666666       2.000000000000000E-003 -0.347170815002960     
   6.65332416666666       0.304332916666667      -0.348125955748894     
   6.65332416666666       0.606665833333333      -0.339422164592705     
   6.65332416666666       0.908998750000000      -0.323656460963895     
   6.65332416666666        1.21133166666667      -0.307470060109474     
   6.65332416666666        1.51366458333333      -0.292138301780236     
   6.65332416666666        1.81599750000000      -0.277592428423302     
   6.65332416666666        2.11833041666667      -0.263976674377212     
   6.65332416666666        2.42066333333333      -0.251516735443780     
   6.65332416666666        2.72299625000000      -0.240032085342491     
   6.65332416666666        3.02532916666667      -0.229082987187861     
   6.65332416666666        3.32766208333333      -0.218093160039985     
   6.65332416666666        3.62999500000000      -0.207998162492821     
   6.65332416666666        3.93232791666667      -0.199594804247993     
   6.65332416666666        4.23466083333333      -0.191597095621442     
   6.65332416666666        4.53699375000000      -0.183463423114309     
   6.65332416666666        4.83932666666667      -0.175829363984078     
   6.65332416666666        5.14165958333333      -0.169032453740588     
   6.65332416666666        5.44399250000000      -0.163235070838870     
   6.65332416666666        5.74632541666667      -0.158294857152814     
   6.65332416666666        6.04865833333333      -0.153996698546419     
   6.65332416666666        6.35099125000000      -0.150090109767027     
   6.65332416666666        6.65332416666666      -0.146177661629145     
   6.65332416666666        6.95565708333333      -0.141774151109827     
   6.65332416666666        7.25799000000000      -0.137214678713315     
   6.95565708333333       2.000000000000000E-003 -0.317909125751063     
   6.95565708333333       0.304332916666667      -0.324267473740574     
   6.95565708333333       0.606665833333333      -0.312804902738516     
   6.95565708333333       0.908998750000000      -0.298462911680737     
   6.95565708333333        1.21133166666667      -0.285738880810617     
   6.95565708333333        1.51366458333333      -0.273246611239978     
   6.95565708333333        1.81599750000000      -0.260844886796565     
   6.95565708333333        2.11833041666667      -0.249073975801337     
   6.95565708333333        2.42066333333333      -0.238471326724894     
   6.95565708333333        2.72299625000000      -0.229104978300740     
   6.95565708333333        3.02532916666667      -0.220420154086288     
   6.95565708333333        3.32766208333333      -0.211333185952973     
   6.95565708333333        3.62999500000000      -0.202822706733325     
   6.95565708333333        3.93232791666667      -0.195777268090869     
   6.95565708333333        4.23466083333333      -0.188073389421191     
   6.95565708333333        4.53699375000000      -0.179649998171461     
   6.95565708333333        4.83932666666667      -0.171794519050627     
   6.95565708333333        5.14165958333333      -0.165146747204445     
   6.95565708333333        5.44399250000000      -0.159702560684461     
   6.95565708333333        5.74632541666667      -0.155173252388293     
   6.95565708333333        6.04865833333333      -0.151285076411197     
   6.95565708333333        6.35099125000000      -0.147776139619910     
   6.95565708333333        6.65332416666666      -0.144307151989358     
   6.95565708333333        6.95565708333333      -0.140288467280962     
   6.95565708333333        7.25799000000000      -0.135671474881367     
   7.25799000000000       2.000000000000000E-003 -0.289509655359838     
   7.25799000000000       0.304332916666667      -0.292957610507994     
   7.25799000000000       0.606665833333333      -0.284019208472682     
   7.25799000000000       0.908998750000000      -0.274724644092594     
   7.25799000000000        1.21133166666667      -0.265769451381399     
   7.25799000000000        1.51366458333333      -0.255862687195960     
   7.25799000000000        1.81599750000000      -0.245418639520962     
   7.25799000000000        2.11833041666667      -0.235355810934000     
   7.25799000000000        2.42066333333333      -0.226523078075299     
   7.25799000000000        2.72299625000000      -0.219195032618486     
   7.25799000000000        3.02532916666667      -0.212963012621171     
   7.25799000000000        3.32766208333333      -0.206281000503656     
   7.25799000000000        3.62999500000000      -0.199343679471738     
   7.25799000000000        3.93232791666667      -0.191561718990661     
   7.25799000000000        4.23466083333333      -0.183778372163199     
   7.25799000000000        4.53699375000000      -0.175282596106709     
   7.25799000000000        4.83932666666667      -0.167511684167673     
   7.25799000000000        5.14165958333333      -0.161105796485871     
   7.25799000000000        5.44399250000000      -0.156026228387849     
   7.25799000000000        5.74632541666667      -0.151848168169500     
   7.25799000000000        6.04865833333333      -0.148267955608764     
   7.25799000000000        6.35099125000000      -0.144998790747419     
   7.25799000000000        6.65332416666666      -0.141681343593585     
   7.25799000000000        6.95565708333333      -0.137694908025046     
   7.25799000000000        7.25799000000000      -0.133335755266231     
