  2.000000000000000E-003  2.000000000000000E-003 -0.205058749602256     
  2.000000000000000E-003  0.304332916666667      -0.214490633126588     
  2.000000000000000E-003  0.606665833333333      -0.219719078869987     
  2.000000000000000E-003  0.908998750000000      -0.221586917068922     
  2.000000000000000E-003   1.21133166666667      -0.222914221265704     
  2.000000000000000E-003   1.51366458333333      -0.224700440804033     
  2.000000000000000E-003   1.81599750000000      -0.227540993885281     
  2.000000000000000E-003   2.11833041666667      -0.231901945315746     
  2.000000000000000E-003   2.42066333333333      -0.238318404718599     
  2.000000000000000E-003   2.72299625000000      -0.246893388629560     
  2.000000000000000E-003   3.02532916666667      -0.256155787986982     
  2.000000000000000E-003   3.32766208333333      -0.261986096436160     
  2.000000000000000E-003   3.62999500000000      -0.262701332331417     
  2.000000000000000E-003   3.93232791666667      -0.261986307621477     
  2.000000000000000E-003   4.23466083333333      -0.256156282931702     
  2.000000000000000E-003   4.53699375000000      -0.246893849928556     
  2.000000000000000E-003   4.83932666666667      -0.238318671854024     
  2.000000000000000E-003   5.14165958333333      -0.231902028367572     
  2.000000000000000E-003   5.44399250000000      -0.227540893753246     
  2.000000000000000E-003   5.74632541666667      -0.224700179112422     
  2.000000000000000E-003   6.04865833333333      -0.222913790449999     
  2.000000000000000E-003   6.35099125000000      -0.221586303001024     
  2.000000000000000E-003   6.65332416666666      -0.219718320240921     
  2.000000000000000E-003   6.95565708333333      -0.214489954314419     
  2.000000000000000E-003   7.25799000000000      -0.205057966127645     
  0.304332916666667       2.000000000000000E-003 -0.214460741241485     
  0.304332916666667       0.304332916666667      -0.225901462560190     
  0.304332916666667       0.606665833333333      -0.231062010962874     
  0.304332916666667       0.908998750000000      -0.232540084470858     
  0.304332916666667        1.21133166666667      -0.234035878890889     
  0.304332916666667        1.51366458333333      -0.236476098272440     
  0.304332916666667        1.81599750000000      -0.240152139953621     
  0.304332916666667        2.11833041666667      -0.245287470988799     
  0.304332916666667        2.42066333333333      -0.251934532909657     
  0.304332916666667        2.72299625000000      -0.259662461436958     
  0.304332916666667        3.02532916666667      -0.266858204149486     
  0.304332916666667        3.32766208333333      -0.270667300416924     
  0.304332916666667        3.62999500000000      -0.271378723068541     
  0.304332916666667        3.93232791666667      -0.270667570376335     
  0.304332916666667        4.23466083333333      -0.266858634473424     
  0.304332916666667        4.53699375000000      -0.259662857407117     
  0.304332916666667        4.83932666666667      -0.251934744930048     
  0.304332916666667        5.14165958333333      -0.245287524730375     
  0.304332916666667        5.44399250000000      -0.240152026733273     
  0.304332916666667        5.74632541666667      -0.236475827976648     
  0.304332916666667        6.04865833333333      -0.234035434099302     
  0.304332916666667        6.35099125000000      -0.232539452970257     
  0.304332916666667        6.65332416666666      -0.231061268126455     
  0.304332916666667        6.95565708333333      -0.225900912213883     
  0.304332916666667        7.25799000000000      -0.214460154832154     
  0.606665833333333       2.000000000000000E-003 -0.219672830809897     
  0.606665833333333       0.304332916666667      -0.231034695953447     
  0.606665833333333       0.606665833333333      -0.238712526953046     
  0.606665833333333       0.908998750000000      -0.242155044577839     
  0.606665833333333        1.21133166666667      -0.244963875909237     
  0.606665833333333        1.51366458333333      -0.248718645853525     
  0.606665833333333        1.81599750000000      -0.253742130618738     
  0.606665833333333        2.11833041666667      -0.260091904484086     
  0.606665833333333        2.42066333333333      -0.267516707679442     
  0.606665833333333        2.72299625000000      -0.275032888237856     
  0.606665833333333        3.02532916666667      -0.281248099372499     
  0.606665833333333        3.32766208333333      -0.284205516301618     
  0.606665833333333        3.62999500000000      -0.284647847142249     
  0.606665833333333        3.93232791666667      -0.284205706274379     
  0.606665833333333        4.23466083333333      -0.281248395704064     
  0.606665833333333        4.53699375000000      -0.275033157620783     
  0.606665833333333        4.83932666666667      -0.267516847903182     
  0.606665833333333        5.14165958333333      -0.260091916004549     
  0.606665833333333        5.44399250000000      -0.253742011068490     
  0.606665833333333        5.74632541666667      -0.248718384394026     
  0.606665833333333        6.04865833333333      -0.244963474353783     
  0.606665833333333        6.35099125000000      -0.242154528020630     
  0.606665833333333        6.65332416666666      -0.238711992982868     
  0.606665833333333        6.95565708333333      -0.231034338877828     
  0.606665833333333        7.25799000000000      -0.219672425571948     
  0.908998750000000       2.000000000000000E-003 -0.221536057980104     
  0.908998750000000       0.304332916666667      -0.232500086849320     
  0.908998750000000       0.606665833333333      -0.242135732119276     
  0.908998750000000       0.908998750000000      -0.248969826737935     
  0.908998750000000        1.21133166666667      -0.254762997316374     
  0.908998750000000        1.51366458333333      -0.260971901752077     
  0.908998750000000        1.81599750000000      -0.268139600192031     
  0.908998750000000        2.11833041666667      -0.276386412533114     
  0.908998750000000        2.42066333333333      -0.285241894455928     
  0.908998750000000        2.72299625000000      -0.293841472822309     
  0.908998750000000        3.02532916666667      -0.301093762371320     
  0.908998750000000        3.32766208333333      -0.305519657139031     
  0.908998750000000        3.62999500000000      -0.306877506035187     
  0.908998750000000        3.93232791666667      -0.305519778037802     
  0.908998750000000        4.23466083333333      -0.301093950779848     
  0.908998750000000        4.53699375000000      -0.293841633720963     
  0.908998750000000        4.83932666666667      -0.285241976514657     
  0.908998750000000        5.14165958333333      -0.276386400736937     
  0.908998750000000        5.44399250000000      -0.268139491821558     
  0.908998750000000        5.74632541666667      -0.260971694434499     
  0.908998750000000        6.04865833333333      -0.254762693407788     
  0.908998750000000        6.35099125000000      -0.248969470512564     
  0.908998750000000        6.65332416666666      -0.242135419790119     
  0.908998750000000        6.95565708333333      -0.232499850796702     
  0.908998750000000        7.25799000000000      -0.221535779275259     
   1.21133166666667       2.000000000000000E-003 -0.222865222008746     
   1.21133166666667       0.304332916666667      -0.233992580193628     
   1.21133166666667       0.606665833333333      -0.244934434241816     
   1.21133166666667       0.908998750000000      -0.254749337055653     
   1.21133166666667        1.21133166666667      -0.263908879167553     
   1.21133166666667        1.51366458333333      -0.273220042982469     
   1.21133166666667        1.81599750000000      -0.283124951450195     
   1.21133166666667        2.11833041666667      -0.293729667592054     
   1.21133166666667        2.42066333333333      -0.304498004050572     
   1.21133166666667        2.72299625000000      -0.314599531998857     
   1.21133166666667        3.02532916666667      -0.323080596536514     
   1.21133166666667        3.32766208333333      -0.328874150964110     
   1.21133166666667        3.62999500000000      -0.330917909313040     
   1.21133166666667        3.93232791666667      -0.328874230058300     
   1.21133166666667        4.23466083333333      -0.323080700781087     
   1.21133166666667        4.53699375000000      -0.314599606180751     
   1.21133166666667        4.83932666666667      -0.304498030297698     
   1.21133166666667        5.14165958333333      -0.293729631502220     
   1.21133166666667        5.44399250000000      -0.283124858791530     
   1.21133166666667        5.74632541666667      -0.273219898375524     
   1.21133166666667        6.04865833333333      -0.263908693537619     
   1.21133166666667        6.35099125000000      -0.254749132919810     
   1.21133166666667        6.65332416666666      -0.244934255388299     
   1.21133166666667        6.95565708333333      -0.233992423147711     
   1.21133166666667        7.25799000000000      -0.222865041781259     
   1.51366458333333       2.000000000000000E-003 -0.224658457962189     
   1.51366458333333       0.304332916666667      -0.236436334091328     
   1.51366458333333       0.606665833333333      -0.248686768564441     
   1.51366458333333       0.908998750000000      -0.260950901753912     
   1.51366458333333        1.21133166666667      -0.273210278122510     
   1.51366458333333        1.51366458333333      -0.285662169395580     
   1.51366458333333        1.81599750000000      -0.298473748208254     
   1.51366458333333        2.11833041666667      -0.311531623119237     
   1.51366458333333        2.42066333333333      -0.324280980630570     
   1.51366458333333        2.72299625000000      -0.335925283246736     
   1.51366458333333        3.02532916666667      -0.345463553764782     
   1.51366458333333        3.32766208333333      -0.351804126658985     
   1.51366458333333        3.62999500000000      -0.354039040710261     
   1.51366458333333        3.93232791666667      -0.351804150338830     
   1.51366458333333        4.23466083333333      -0.345463586315477     
   1.51366458333333        4.53699375000000      -0.335925295474083     
   1.51366458333333        4.83932666666667      -0.324280969412614     
   1.51366458333333        5.14165958333333      -0.311531575048000     
   1.51366458333333        5.44399250000000      -0.298473671756260     
   1.51366458333333        5.74632541666667      -0.285662078259364     
   1.51366458333333        6.04865833333333      -0.273210185690177     
   1.51366458333333        6.35099125000000      -0.260950815610960     
   1.51366458333333        6.65332416666666      -0.248686686531364     
   1.51366458333333        6.95565708333333      -0.236436251132523     
   1.51366458333333        7.25799000000000      -0.224658361349153     
   1.81599750000000       2.000000000000000E-003 -0.227508850787655     
   1.81599750000000       0.304332916666667      -0.240120032941474     
   1.81599750000000       0.606665833333333      -0.253713199698243     
   1.81599750000000       0.908998750000000      -0.268116551643654     
   1.81599750000000        1.21133166666667      -0.283109567711238     
   1.81599750000000        1.51366458333333      -0.298466401148099     
   1.81599750000000        1.81599750000000      -0.313938183934990     
   1.81599750000000        2.11833041666667      -0.329146961581569     
   1.81599750000000        2.42066333333333      -0.343564995724650     
   1.81599750000000        2.72299625000000      -0.356470905265390     
   1.81599750000000        3.02532916666667      -0.366901525927674     
   1.81599750000000        3.32766208333333      -0.373769113397996     
   1.81599750000000        3.62999500000000      -0.376175689754696     
   1.81599750000000        3.93232791666667      -0.373769105430199     
   1.81599750000000        4.23466083333333      -0.366901507487094     
   1.81599750000000        4.53699375000000      -0.356470863875496     
   1.81599750000000        4.83932666666667      -0.343564934472330     
   1.81599750000000        5.14165958333333      -0.329146897038836     
   1.81599750000000        5.44399250000000      -0.313938116443080     
   1.81599750000000        5.74632541666667      -0.298466343818073     
   1.81599750000000        6.04865833333333      -0.283109536601937     
   1.81599750000000        6.35099125000000      -0.268116541261706     
   1.81599750000000        6.65332416666666      -0.253713195843395     
   1.81599750000000        6.95565708333333      -0.240120021373767     
   1.81599750000000        7.25799000000000      -0.227508832394818     
   2.11833041666667       2.000000000000000E-003 -0.231880964111603     
   2.11833041666667       0.304332916666667      -0.245265482699894     
   2.11833041666667       0.606665833333333      -0.260069179283870     
   2.11833041666667       0.908998750000000      -0.276364885368287     
   2.11833041666667        1.21133166666667      -0.293711658431082     
   2.11833041666667        1.51366458333333      -0.311518933361400     
   2.11833041666667        1.81599750000000      -0.329140583524014     
   2.11833041666667        2.11833041666667      -0.346001940954791     
   2.11833041666667        2.42066333333333      -0.361596777992009     
   2.11833041666667        2.72299625000000      -0.375317608242649     
   2.11833041666667        3.02532916666667      -0.386301141153589     
   2.11833041666667        3.32766208333333      -0.393501023348432     
   2.11833041666667        3.62999500000000      -0.396019919635512     
   2.11833041666667        3.93232791666667      -0.393500997903122     
   2.11833041666667        4.23466083333333      -0.386301075011398     
   2.11833041666667        4.53699375000000      -0.375317516120177     
   2.11833041666667        4.83932666666667      -0.361596656517440     
   2.11833041666667        5.14165958333333      -0.346001832168599     
   2.11833041666667        5.44399250000000      -0.329140498210487     
   2.11833041666667        5.74632541666667      -0.311518887408978     
   2.11833041666667        6.04865833333333      -0.293711659152310     
   2.11833041666667        6.35099125000000      -0.276364919580685     
   2.11833041666667        6.65332416666666      -0.260069229161577     
   2.11833041666667        6.95565708333333      -0.245265534634485     
   2.11833041666667        7.25799000000000      -0.231881012277962     
   2.42066333333333       2.000000000000000E-003 -0.238311306705655     
   2.42066333333333       0.304332916666667      -0.251925772028622     
   2.42066333333333       0.606665833333333      -0.267502010351683     
   2.42066333333333       0.908998750000000      -0.285222919179927     
   2.42066333333333        1.21133166666667      -0.304478532629272     
   2.42066333333333        1.51366458333333      -0.324264389175201     
   2.42066333333333        1.81599750000000      -0.343553477505931     
   2.42066333333333        2.11833041666667      -0.361591187329726     
   2.42066333333333        2.42066333333333      -0.377901569959025     
   2.42066333333333        2.72299625000000      -0.392021478056855     
   2.42066333333333        3.02532916666667      -0.403229668612843     
   2.42066333333333        3.32766208333333      -0.410555237919038     
   2.42066333333333        3.62999500000000      -0.413116701943964     
   2.42066333333333        3.93232791666667      -0.410555181292801     
   2.42066333333333        4.23466083333333      -0.403229558570630     
   2.42066333333333        4.53699375000000      -0.392021313506509     
   2.42066333333333        4.83932666666667      -0.377901395341317     
   2.42066333333333        5.14165958333333      -0.361591017336759     
   2.42066333333333        5.44399250000000      -0.343553367940365     
   2.42066333333333        5.74632541666667      -0.324264345697258     
   2.42066333333333        6.04865833333333      -0.304478549764757     
   2.42066333333333        6.35099125000000      -0.285222989262912     
   2.42066333333333        6.65332416666666      -0.267502095813163     
   2.42066333333333        6.95565708333333      -0.251925861059659     
   2.42066333333333        7.25799000000000      -0.238311397529142     
   2.72299625000000       2.000000000000000E-003 -0.246899562820381     
   2.72299625000000       0.304332916666667      -0.259667837683098     
   2.72299625000000       0.606665833333333      -0.275027139644112     
   2.72299625000000       0.908998750000000      -0.293825204575501     
   2.72299625000000        1.21133166666667      -0.314579084396232     
   2.72299625000000        1.51366458333333      -0.335905918454009     
   2.72299625000000        1.81599750000000      -0.356455638403488     
   2.72299625000000        2.11833041666667      -0.375307758364811     
   2.72299625000000        2.42066333333333      -0.392017017313746     
   2.72299625000000        2.72299625000000      -0.406268153984013     
   2.72299625000000        3.02532916666667      -0.417493792138411     
   2.72299625000000        3.32766208333333      -0.424813743900740     
   2.72299625000000        3.62999500000000      -0.427372929202711     
   2.72299625000000        3.93232791666667      -0.424813657552838     
   2.72299625000000        4.23466083333333      -0.417493627284193     
   2.72299625000000        4.53699375000000      -0.406267927507734     
   2.72299625000000        4.83932666666667      -0.392016770777110     
   2.72299625000000        5.14165958333333      -0.375307546646621     
   2.72299625000000        5.44399250000000      -0.356455486984910     
   2.72299625000000        5.74632541666667      -0.335905848719097     
   2.72299625000000        6.04865833333333      -0.314579103200184     
   2.72299625000000        6.35099125000000      -0.293825291899626     
   2.72299625000000        6.65332416666666      -0.275027253909409     
   2.72299625000000        6.95565708333333      -0.259667924622185     
   2.72299625000000        7.25799000000000      -0.246899658793639     
   3.02532916666667       2.000000000000000E-003 -0.256163573361146     
   3.02532916666667       0.304332916666667      -0.266867529753799     
   3.02532916666667       0.606665833333333      -0.281243995548912     
   3.02532916666667       0.908998750000000      -0.301077767330475     
   3.02532916666667        1.21133166666667      -0.323058901283456     
   3.02532916666667        1.51366458333333      -0.345442207989867     
   3.02532916666667        1.81599750000000      -0.366883814024532     
   3.02532916666667        2.11833041666667      -0.386288491079499     
   3.02532916666667        2.42066333333333      -0.403222175942144     
   3.02532916666667        2.72299625000000      -0.417490659761341     
   3.02532916666667        3.02532916666667      -0.428659871504837     
   3.02532916666667        3.32766208333333      -0.435931482404405     
   3.02532916666667        3.62999500000000      -0.438474426359549     
   3.02532916666667        3.93232791666667      -0.435931372102087     
   3.02532916666667        4.23466083333333      -0.428659655590358     
   3.02532916666667        4.53699375000000      -0.417490375277606     
   3.02532916666667        4.83932666666667      -0.403221866745138     
   3.02532916666667        5.14165958333333      -0.386288218895264     
   3.02532916666667        5.44399250000000      -0.366883616911755     
   3.02532916666667        5.74632541666667      -0.345442114622890     
   3.02532916666667        6.04865833333333      -0.323058910490012     
   3.02532916666667        6.35099125000000      -0.301077864612673     
   3.02532916666667        6.65332416666666      -0.281244094273166     
   3.02532916666667        6.95565708333333      -0.266867525608083     
   3.02532916666667        7.25799000000000      -0.256163590192995     
   3.32766208333333       2.000000000000000E-003 -0.261967954062478     
   3.32766208333333       0.304332916666667      -0.270654507079804     
   3.32766208333333       0.606665833333333      -0.284189937260411     
   3.32766208333333       0.908998750000000      -0.305499306708498     
   3.32766208333333        1.21133166666667      -0.328850620473890     
   3.32766208333333        1.51366458333333      -0.351781417366631     
   3.32766208333333        1.81599750000000      -0.373750038329581     
   3.32766208333333        2.11833041666667      -0.393486855926755     
   3.32766208333333        2.42066333333333      -0.410546065337742     
   3.32766208333333        2.72299625000000      -0.424808825584916     
   3.32766208333333        3.02532916666667      -0.435929656770653     
   3.32766208333333        3.32766208333333      -0.443164956834506     
   3.32766208333333        3.62999500000000      -0.445696592601580     
   3.32766208333333        3.93232791666667      -0.443164849892680     
   3.32766208333333        4.23466083333333      -0.435929423777257     
   3.32766208333333        4.53699375000000      -0.424808511588160     
   3.32766208333333        4.83932666666667      -0.410545722429109     
   3.32766208333333        5.14165958333333      -0.393486557088709     
   3.32766208333333        5.44399250000000      -0.373749813530039     
   3.32766208333333        5.74632541666667      -0.351781303497590     
   3.32766208333333        6.04865833333333      -0.328850580033716     
   3.32766208333333        6.35099125000000      -0.305499384756369     
   3.32766208333333        6.65332416666666      -0.284189971634885     
   3.32766208333333        6.95565708333333      -0.270654321005439     
   3.32766208333333        7.25799000000000      -0.261967845072539     
   3.62999500000000       2.000000000000000E-003 -0.262653771308588     
   3.62999500000000       0.304332916666667      -0.271337885886758     
   3.62999500000000       0.606665833333333      -0.284621689607386     
   3.62999500000000       0.908998750000000      -0.306853850205260     
   3.62999500000000        1.21133166666667      -0.330893312802502     
   3.62999500000000        1.51366458333333      -0.354015795650942     
   3.62999500000000        1.81599750000000      -0.376156168475422     
   3.62999500000000        2.11833041666667      -0.396005276420868     
   3.62999500000000        2.42066333333333      -0.413106999594023     
   3.62999500000000        2.72299625000000      -0.427367439247396     
   3.62999500000000        3.02532916666667      -0.438472009168007     
   3.62999500000000        3.32766208333333      -0.445695996731586     
   3.62999500000000        3.62999500000000      -0.448224436911760     
   3.62999500000000        3.93232791666667      -0.445695865836303     
   3.62999500000000        4.23466083333333      -0.438471786643778     
   3.62999500000000        4.53699375000000      -0.427367131602057     
   3.62999500000000        4.83932666666667      -0.413106660744235     
   3.62999500000000        5.14165958333333      -0.396004967845865     
   3.62999500000000        5.44399250000000      -0.376155932512171     
   3.62999500000000        5.74632541666667      -0.354015664803206     
   3.62999500000000        6.04865833333333      -0.330893264514633     
   3.62999500000000        6.35099125000000      -0.306853870341885     
   3.62999500000000        6.65332416666666      -0.284621617341702     
   3.62999500000000        6.95565708333333      -0.271337451167457     
   3.62999500000000        7.25799000000000      -0.262653773371421     
   3.93232791666667       2.000000000000000E-003 -0.261968132961807     
   3.93232791666667       0.304332916666667      -0.270654644600413     
   3.93232791666667       0.606665833333333      -0.284190010115369     
   3.93232791666667       0.908998750000000      -0.305499355063599     
   3.93232791666667        1.21133166666667      -0.328850655649101     
   3.93232791666667        1.51366458333333      -0.351781410166313     
   3.93232791666667        1.81599750000000      -0.373750009072137     
   3.93232791666667        2.11833041666667      -0.393486817898431     
   3.93232791666667        2.42066333333333      -0.410546003776079     
   3.93232791666667        2.72299625000000      -0.424808740347742     
   3.93232791666667        3.02532916666667      -0.435929552074946     
   3.93232791666667        3.32766208333333      -0.443164858510217     
   3.93232791666667        3.62999500000000      -0.445696471573768     
   3.93232791666667        3.93232791666667      -0.443164743626942     
   3.93232791666667        4.23466083333333      -0.435929337917844     
   3.93232791666667        4.53699375000000      -0.424808469766570     
   3.93232791666667        4.83932666666667      -0.410545700217459     
   3.93232791666667        5.14165958333333      -0.393486545841842     
   3.93232791666667        5.44399250000000      -0.373749806899063     
   3.93232791666667        5.74632541666667      -0.351781290142076     
   3.93232791666667        6.04865833333333      -0.328850545925090     
   3.93232791666667        6.35099125000000      -0.305499279247011     
   3.93232791666667        6.65332416666666      -0.284189773202736     
   3.93232791666667        6.95565708333333      -0.270654111921946     
   3.93232791666667        7.25799000000000      -0.261967778270191     
   4.23466083333333       2.000000000000000E-003 -0.256164021126550     
   4.23466083333333       0.304332916666667      -0.266867829479674     
   4.23466083333333       0.606665833333333      -0.281244156729504     
   4.23466083333333       0.908998750000000      -0.301077857828979     
   4.23466083333333        1.21133166666667      -0.323058936362198     
   4.23466083333333        1.51366458333333      -0.345442189917252     
   4.23466083333333        1.81599750000000      -0.366883761656074     
   4.23466083333333        2.11833041666667      -0.386288407171299     
   4.23466083333333        2.42066333333333      -0.403222062465592     
   4.23466083333333        2.72299625000000      -0.417490503014795     
   4.23466083333333        3.02532916666667      -0.428659672417736     
   4.23466083333333        3.32766208333333      -0.435931272314745     
   4.23466083333333        3.62999500000000      -0.438474229757626     
   4.23466083333333        3.93232791666667      -0.435931182384815     
   4.23466083333333        4.23466083333333      -0.428659526353940     
   4.23466083333333        4.53699375000000      -0.417490300870767     
   4.23466083333333        4.83932666666667      -0.403221830334830     
   4.23466083333333        5.14165958333333      -0.386288203903464     
   4.23466083333333        5.44399250000000      -0.366883608384549     
   4.23466083333333        5.74632541666667      -0.345442098058349     
   4.23466083333333        6.04865833333333      -0.323058857379528     
   4.23466083333333        6.35099125000000      -0.301077736743163     
   4.23466083333333        6.65332416666666      -0.281243882761066     
   4.23466083333333        6.95565708333333      -0.266867354835473     
   4.23466083333333        7.25799000000000      -0.256163617293370     
   4.53699375000000       2.000000000000000E-003 -0.246899949994269     
   4.53699375000000       0.304332916666667      -0.259668128982690     
   4.53699375000000       0.606665833333333      -0.275027300107351     
   4.53699375000000       0.908998750000000      -0.293825273367919     
   4.53699375000000        1.21133166666667      -0.314579085685476     
   4.53699375000000        1.51366458333333      -0.335905877541133     
   4.53699375000000        1.81599750000000      -0.356455565279017     
   4.53699375000000        2.11833041666667      -0.375307656128804     
   4.53699375000000        2.42066333333333      -0.392016861967806     
   4.53699375000000        2.72299625000000      -0.406267952216466     
   4.53699375000000        3.02532916666667      -0.417493544128355     
   4.53699375000000        3.32766208333333      -0.424813474991334     
   4.53699375000000        3.62999500000000      -0.427372671785804     
   4.53699375000000        3.93232791666667      -0.424813437045901     
   4.53699375000000        4.23466083333333      -0.417493467167670     
   4.53699375000000        4.53699375000000      -0.406267824779724     
   4.53699375000000        4.83932666666667      -0.392016728938550     
   4.53699375000000        5.14165958333333      -0.375307531640597     
   4.53699375000000        5.44399250000000      -0.356455482532839     
   4.53699375000000        5.74632541666667      -0.335905834838614     
   4.53699375000000        6.04865833333333      -0.314579047241153     
   4.53699375000000        6.35099125000000      -0.293825186554462     
   4.53699375000000        6.65332416666666      -0.275027108081542     
   4.53699375000000        6.95565708333333      -0.259667824621392     
   4.53699375000000        7.25799000000000      -0.246899682142126     
   4.83932666666667       2.000000000000000E-003 -0.238311479038461     
   4.83932666666667       0.304332916666667      -0.251925889054149     
   4.83932666666667       0.606665833333333      -0.267502059576712     
   4.83932666666667       0.908998750000000      -0.285222922249708     
   4.83932666666667        1.21133166666667      -0.304478498180728     
   4.83932666666667        1.51366458333333      -0.324264340204302     
   4.83932666666667        1.81599750000000      -0.343553404113149     
   4.83932666666667        2.11833041666667      -0.361591078871666     
   4.83932666666667        2.42066333333333      -0.377901430003128     
   4.83932666666667        2.72299625000000      -0.392021282732038     
   4.83932666666667        3.02532916666667      -0.403229422629639     
   4.83932666666667        3.32766208333333      -0.410554967260721     
   4.83932666666667        3.62999500000000      -0.413116442019540     
   4.83932666666667        3.93232791666667      -0.410554959212582     
   4.83932666666667        4.23466083333333      -0.403229402918977     
   4.83932666666667        4.53699375000000      -0.392021241358179     
   4.83932666666667        4.83932666666667      -0.377901376527267     
   4.83932666666667        5.14165958333333      -0.361591034251709     
   4.83932666666667        5.44399250000000      -0.343553400074601     
   4.83932666666667        5.74632541666667      -0.324264352491681     
   4.83932666666667        6.04865833333333      -0.304478511872457     
   4.83932666666667        6.35099125000000      -0.285222906181193     
   4.83932666666667        6.65332416666666      -0.267501989420653     
   4.83932666666667        6.95565708333333      -0.251925780400983     
   4.83932666666667        7.25799000000000      -0.238311390778954     
   5.14165958333333       2.000000000000000E-003 -0.231880932367143     
   5.14165958333333       0.304332916666667      -0.245265432358973     
   5.14165958333333       0.606665833333333      -0.260069097104887     
   5.14165958333333       0.908998750000000      -0.276364802534055     
   5.14165958333333        1.21133166666667      -0.293711582591620     
   5.14165958333333        1.51366458333333      -0.311518878691282     
   5.14165958333333        1.81599750000000      -0.329140543547793     
   5.14165958333333        2.11833041666667      -0.346001883569268     
   5.14165958333333        2.42066333333333      -0.361596679715468     
   5.14165958333333        2.72299625000000      -0.375317481229414     
   5.14165958333333        3.02532916666667      -0.386300960956430     
   5.14165958333333        3.32766208333333      -0.393500821587186     
   5.14165958333333        3.62999500000000      -0.396019713937212     
   5.14165958333333        3.93232791666667      -0.393500834843597     
   5.14165958333333        4.23466083333333      -0.386300982775978     
   5.14165958333333        4.53699375000000      -0.375317494993300     
   5.14165958333333        4.83932666666667      -0.361596694821605     
   5.14165958333333        5.14165958333333      -0.346001911592713     
   5.14165958333333        5.44399250000000      -0.329140580977329     
   5.14165958333333        5.74632541666667      -0.311518926172973     
   5.14165958333333        6.04865833333333      -0.293711631494876     
   5.14165958333333        6.35099125000000      -0.276364838324130     
   5.14165958333333        6.65332416666666      -0.260069122842185     
   5.14165958333333        6.95565708333333      -0.245265462149813     
   5.14165958333333        7.25799000000000      -0.231880989892370     
   5.44399250000000       2.000000000000000E-003 -0.227508629617882     
   5.44399250000000       0.304332916666667      -0.240119811225945     
   5.44399250000000       0.606665833333333      -0.253712984557391     
   5.44399250000000       0.908998750000000      -0.268116377006205     
   5.44399250000000        1.21133166666667      -0.283109458682158     
   5.44399250000000        1.51366458333333      -0.298466362778104     
   5.44399250000000        1.81599750000000      -0.313938193876708     
   5.44399250000000        2.11833041666667      -0.329146979581664     
   5.44399250000000        2.42066333333333      -0.343565003809399     
   5.44399250000000        2.72299625000000      -0.356470874763203     
   5.44399250000000        3.02532916666667      -0.366901444736533     
   5.44399250000000        3.32766208333333      -0.373768998014907     
   5.44399250000000        3.62999500000000      -0.376175563561221     
   5.44399250000000        3.93232791666667      -0.373769023339079     
   5.44399250000000        4.23466083333333      -0.366901488694243     
   5.44399250000000        4.53699375000000      -0.356470923484274     
   5.44399250000000        4.83932666666667      -0.343565066335881     
   5.44399250000000        5.14165958333333      -0.329147047935215     
   5.44399250000000        5.44399250000000      -0.313938251815446     
   5.44399250000000        5.74632541666667      -0.298466423313056     
   5.44399250000000        6.04865833333333      -0.283109514181015     
   5.44399250000000        6.35099125000000      -0.268116443848270     
   5.44399250000000        6.65332416666666      -0.253713076538992     
   5.44399250000000        6.95565708333333      -0.240119938993830     
   5.44399250000000        7.25799000000000      -0.227508801487303     
   5.74632541666667       2.000000000000000E-003 -0.224658107809542     
   5.74632541666667       0.304332916666667      -0.236435987605288     
   5.74632541666667       0.606665833333333      -0.248686447387472     
   5.74632541666667       0.908998750000000      -0.260950677343303     
   5.74632541666667        1.21133166666667      -0.273210175479747     
   5.74632541666667        1.51366458333333      -0.285662181469126     
   5.74632541666667        1.81599750000000      -0.298473838663666     
   5.74632541666667        2.11833041666667      -0.311531744713785     
   5.74632541666667        2.42066333333333      -0.324281107745239     
   5.74632541666667        2.72299625000000      -0.335925370890357     
   5.74632541666667        3.02532916666667      -0.345463589495500     
   5.74632541666667        3.32766208333333      -0.351804109924855     
   5.74632541666667        3.62999500000000      -0.354038992877860     
   5.74632541666667        3.93232791666667      -0.351804130309068     
   5.74632541666667        4.23466083333333      -0.345463631325444     
   5.74632541666667        4.53699375000000      -0.335925423445762     
   5.74632541666667        4.83932666666667      -0.324281168389059     
   5.74632541666667        5.14165958333333      -0.311531804414325     
   5.74632541666667        5.44399250000000      -0.298473888585160     
   5.74632541666667        5.74632541666667      -0.285662219150968     
   5.74632541666667        6.04865833333333      -0.273210214706211     
   5.74632541666667        6.35099125000000      -0.260950758465963     
   5.74632541666667        6.65332416666666      -0.248686590875321     
   5.74632541666667        6.95565708333333      -0.236436200831264     
   5.74632541666667        7.25799000000000      -0.224658382318058     
   6.04865833333333       2.000000000000000E-003 -0.222864788654232     
   6.04865833333333       0.304332916666667      -0.233992148714483     
   6.04865833333333       0.606665833333333      -0.244934088154632     
   6.04865833333333       0.908998750000000      -0.254749153342307     
   6.04865833333333        1.21133166666667      -0.263908868145697     
   6.04865833333333        1.51366458333333      -0.273220164452771     
   6.04865833333333        1.81599750000000      -0.283125160806353     
   6.04865833333333        2.11833041666667      -0.293729912310563     
   6.04865833333333        2.42066333333333      -0.304498253367767     
   6.04865833333333        2.72299625000000      -0.314599749270072     
   6.04865833333333        3.02532916666667      -0.323080736579768     
   6.04865833333333        3.32766208333333      -0.328874151396479     
   6.04865833333333        3.62999500000000      -0.330917850890448     
   6.04865833333333        3.93232791666667      -0.328874144709633     
   6.04865833333333        4.23466083333333      -0.323080734034637     
   6.04865833333333        4.53699375000000      -0.314599756467273     
   6.04865833333333        4.83932666666667      -0.304498276908168     
   6.04865833333333        5.14165958333333      -0.293729932006971     
   6.04865833333333        5.44399250000000      -0.283125165282292     
   6.04865833333333        5.74632541666667      -0.273220159231343     
   6.04865833333333        6.04865833333333      -0.263908884783352     
   6.04865833333333        6.35099125000000      -0.254749236912367     
   6.04865833333333        6.65332416666666      -0.244934280207414     
   6.04865833333333        6.95565708333333      -0.233992458465769     
   6.04865833333333        7.25799000000000      -0.222865174039509     
   6.35099125000000       2.000000000000000E-003 -0.221535570860950     
   6.35099125000000       0.304332916666667      -0.232499635965756     
   6.35099125000000       0.606665833333333      -0.242135526463375     
   6.35099125000000       0.908998750000000      -0.248969872306210     
   6.35099125000000        1.21133166666667      -0.254763194723192     
   6.35099125000000        1.51366458333333      -0.260972184894553     
   6.35099125000000        1.81599750000000      -0.268139937226711     
   6.35099125000000        2.11833041666667      -0.276386776226630     
   6.35099125000000        2.42066333333333      -0.285242273141841     
   6.35099125000000        2.72299625000000      -0.293841826168536     
   6.35099125000000        3.02532916666667      -0.301094012237604     
   6.35099125000000        3.32766208333333      -0.305519710750663     
   6.35099125000000        3.62999500000000      -0.306877382615537     
   6.35099125000000        3.93232791666667      -0.305519616528717     
   6.35099125000000        4.23466083333333      -0.301093910874613     
   6.35099125000000        4.53699375000000      -0.293841761155167     
   6.35099125000000        4.83932666666667      -0.285242238574597     
   6.35099125000000        5.14165958333333      -0.276386750924787     
   6.35099125000000        5.44399250000000      -0.268139901932302     
   6.35099125000000        5.74632541666667      -0.260972151057184     
   6.35099125000000        6.04865833333333      -0.254763192461822     
   6.35099125000000        6.35099125000000      -0.248969946993048     
   6.35099125000000        6.65332416666666      -0.242135768251097     
   6.35099125000000        6.95565708333333      -0.232500071147728     
   6.35099125000000        7.25799000000000      -0.221536103540686     
   6.65332416666666       2.000000000000000E-003 -0.219672299365530     
   6.65332416666666       0.304332916666667      -0.231034385303052     
   6.65332416666666       0.606665833333333      -0.238712763658568     
   6.65332416666666       0.908998750000000      -0.242155558830596     
   6.65332416666666        1.21133166666667      -0.244964374685671     
   6.65332416666666        1.51366458333333      -0.248719086494627     
   6.65332416666666        1.81599750000000      -0.253742562276134     
   6.65332416666666        2.11833041666667      -0.260092361876082     
   6.65332416666666        2.42066333333333      -0.267517198952343     
   6.65332416666666        2.72299625000000      -0.275033408133282     
   6.65332416666666        3.02532916666667      -0.281248503396129     
   6.65332416666666        3.32766208333333      -0.284205602820410     
   6.65332416666666        3.62999500000000      -0.284647608829477     
   6.65332416666666        3.93232791666667      -0.284205393726220     
   6.65332416666666        4.23466083333333      -0.281248279982974     
   6.65332416666666        4.53699375000000      -0.275033262063925     
   6.65332416666666        4.83932666666667      -0.267517107118056     
   6.65332416666666        5.14165958333333      -0.260092291626023     
   6.65332416666666        5.44399250000000      -0.253742495617370     
   6.65332416666666        5.74632541666667      -0.248719033863284     
   6.65332416666666        6.04865833333333      -0.244964368186103     
   6.65332416666666        6.35099125000000      -0.242155648598653     
   6.65332416666666        6.65332416666666      -0.238713026867599     
   6.65332416666666        6.95565708333333      -0.231034957617382     
   6.65332416666666        7.25799000000000      -0.219672993561774     
   6.95565708333333       2.000000000000000E-003 -0.214460245894184     
   6.95565708333333       0.304332916666667      -0.225901590816606     
   6.95565708333333       0.606665833333333      -0.231062871885736     
   6.95565708333333       0.908998750000000      -0.232540972029614     
   6.95565708333333        1.21133166666667      -0.234036538441865     
   6.95565708333333        1.51366458333333      -0.236476589096178     
   6.95565708333333        1.81599750000000      -0.240152584603161     
   6.95565708333333        2.11833041666667      -0.245287967408820     
   6.95565708333333        2.42066333333333      -0.251935130161676     
   6.95565708333333        2.72299625000000      -0.259663158029197     
   6.95565708333333        3.02532916666667      -0.266858830380933     
   6.95565708333333        3.32766208333333      -0.270667540266696     
   6.95565708333333        3.62999500000000      -0.271378426391627     
   6.95565708333333        3.93232791666667      -0.270667303543838     
   6.95565708333333        4.23466083333333      -0.266858599874876     
   6.95565708333333        4.53699375000000      -0.259663005628313     
   6.95565708333333        4.83932666666667      -0.251935016282509     
   6.95565708333333        5.14165958333333      -0.245287885233098     
   6.95565708333333        5.44399250000000      -0.240152507173851     
   6.95565708333333        5.74632541666667      -0.236476542584004     
   6.95565708333333        6.04865833333333      -0.234036555112826     
   6.95565708333333        6.35099125000000      -0.232541099207399     
   6.95565708333333        6.65332416666666      -0.231063183979159     
   6.95565708333333        6.95565708333333      -0.225902257097989     
   6.95565708333333        7.25799000000000      -0.214461033864025     
   7.25799000000000       2.000000000000000E-003 -0.205058049471758     
   7.25799000000000       0.304332916666667      -0.214490402749850     
   7.25799000000000       0.606665833333333      -0.219719483912389     
   7.25799000000000       0.908998750000000      -0.221587441947933     
   7.25799000000000        1.21133166666667      -0.222914652594935     
   7.25799000000000        1.51366458333333      -0.224700791258742     
   7.25799000000000        1.81599750000000      -0.227541355643750     
   7.25799000000000        2.11833041666667      -0.231902411991908     
   7.25799000000000        2.42066333333333      -0.238319051405601     
   7.25799000000000        2.72299625000000      -0.246894235923957     
   7.25799000000000        3.02532916666667      -0.256156707455580     
   7.25799000000000        3.32766208333333      -0.261986804458543     
   7.25799000000000        3.62999500000000      -0.262701757966914     
   7.25799000000000        3.93232791666667      -0.261986666582717     
   7.25799000000000        4.23466083333333      -0.256156614250462     
   7.25799000000000        4.53699375000000      -0.246894155267925     
   7.25799000000000        4.83932666666667      -0.238318969945581     
   7.25799000000000        5.14165958333333      -0.231902339492864     
   7.25799000000000        5.44399250000000      -0.227541279822599     
   7.25799000000000        5.74632541666667      -0.224700752375430     
   7.25799000000000        6.04865833333333      -0.222914695999469     
   7.25799000000000        6.35099125000000      -0.221587646980039     
   7.25799000000000        6.65332416666666      -0.219719915126847     
   7.25799000000000        6.95565708333333      -0.214491156808903     
   7.25799000000000        7.25799000000000      -0.205058903268477     
