  2.000000000000000E-003  2.000000000000000E-003 -0.258097537251287     
  2.000000000000000E-003  0.304332916666667      -0.268157654506837     
  2.000000000000000E-003  0.606665833333333      -0.269156156955407     
  2.000000000000000E-003  0.908998750000000      -0.266671567034516     
  2.000000000000000E-003   1.21133166666667      -0.263439840314661     
  2.000000000000000E-003   1.51366458333333      -0.259583987408718     
  2.000000000000000E-003   1.81599750000000      -0.255563198156767     
  2.000000000000000E-003   2.11833041666667      -0.252001568670262     
  2.000000000000000E-003   2.42066333333333      -0.249550681176919     
  2.000000000000000E-003   2.72299625000000      -0.248334154638784     
  2.000000000000000E-003   3.02532916666667      -0.247568348205422     
  2.000000000000000E-003   3.32766208333333      -0.244886505039488     
  2.000000000000000E-003   3.62999500000000      -0.239528293453252     
  2.000000000000000E-003   3.93232791666667      -0.232461228105628     
  2.000000000000000E-003   4.23466083333333      -0.223467493490345     
  2.000000000000000E-003   4.53699375000000      -0.212368297683462     
  2.000000000000000E-003   4.83932666666667      -0.202113348096164     
  2.000000000000000E-003   5.14165958333333      -0.193867163434372     
  2.000000000000000E-003   5.44399250000000      -0.187632236748661     
  2.000000000000000E-003   5.74632541666667      -0.182854111189899     
  2.000000000000000E-003   6.04865833333333      -0.179089247754300     
  2.000000000000000E-003   6.35099125000000      -0.175860129774848     
  2.000000000000000E-003   6.65332416666666      -0.172455098413214     
  2.000000000000000E-003   6.95565708333333      -0.167378169712161     
  2.000000000000000E-003   7.25799000000000      -0.160883213685804     
  0.304332916666667       2.000000000000000E-003 -0.277352644337813     
  0.304332916666667       0.304332916666667      -0.291667382624091     
  0.304332916666667       0.606665833333333      -0.292722664224891     
  0.304332916666667       0.908998750000000      -0.287630995792709     
  0.304332916666667        1.21133166666667      -0.282673538405813     
  0.304332916666667        1.51366458333333      -0.278134549478446     
  0.304332916666667        1.81599750000000      -0.273825814856298     
  0.304332916666667        2.11833041666667      -0.269845991419687     
  0.304332916666667        2.42066333333333      -0.266425543405963     
  0.304332916666667        2.72299625000000      -0.263318446779769     
  0.304332916666667        3.02532916666667      -0.259433621983541     
  0.304332916666667        3.32766208333333      -0.253446748458394     
  0.304332916666667        3.62999500000000      -0.246983981152727     
  0.304332916666667        3.93232791666667      -0.240555457879856     
  0.304332916666667        4.23466083333333      -0.231522724832615     
  0.304332916666667        4.53699375000000      -0.220630074303029     
  0.304332916666667        4.83932666666667      -0.210377908234356     
  0.304332916666667        5.14165958333333      -0.201794787861851     
  0.304332916666667        5.44399250000000      -0.194906667903527     
  0.304332916666667        5.74632541666667      -0.189405327567520     
  0.304332916666667        6.04865833333333      -0.184939401257111     
  0.304332916666667        6.35099125000000      -0.181160631981066     
  0.304332916666667        6.65332416666666      -0.177462910690506     
  0.304332916666667        6.95565708333333      -0.172379494193262     
  0.304332916666667        7.25799000000000      -0.165291155920491     
  0.606665833333333       2.000000000000000E-003 -0.291121139558223     
  0.606665833333333       0.304332916666667      -0.304293098375433     
  0.606665833333333       0.606665833333333      -0.309313441118794     
  0.606665833333333       0.908998750000000      -0.306378097469033     
  0.606665833333333        1.21133166666667      -0.301892752073734     
  0.606665833333333        1.51366458333333      -0.297757379059109     
  0.606665833333333        1.81599750000000      -0.293796574041108     
  0.606665833333333        2.11833041666667      -0.289809060728519     
  0.606665833333333        2.42066333333333      -0.285773108681399     
  0.606665833333333        2.72299625000000      -0.281177005529897     
  0.606665833333333        3.02532916666667      -0.274987034937313     
  0.606665833333333        3.32766208333333      -0.266524468457314     
  0.606665833333333        3.62999500000000      -0.257381191183982     
  0.606665833333333        3.93232791666667      -0.248716080542882     
  0.606665833333333        4.23466083333333      -0.239070733883220     
  0.606665833333333        4.53699375000000      -0.228493416674656     
  0.606665833333333        4.83932666666667      -0.218534345769297     
  0.606665833333333        5.14165958333333      -0.209638525150122     
  0.606665833333333        5.44399250000000      -0.202095294575571     
  0.606665833333333        5.74632541666667      -0.195779415808746     
  0.606665833333333        6.04865833333333      -0.190431103656811     
  0.606665833333333        6.35099125000000      -0.185752010198267     
  0.606665833333333        6.65332416666666      -0.181000163197656     
  0.606665833333333        6.95565708333333      -0.174851116615800     
  0.606665833333333        7.25799000000000      -0.167768991115844     
  0.908998750000000       2.000000000000000E-003 -0.296477583658506     
  0.908998750000000       0.304332916666667      -0.308770696940552     
  0.908998750000000       0.606665833333333      -0.317137680343352     
  0.908998750000000       0.908998750000000      -0.319619965775829     
  0.908998750000000        1.21133166666667      -0.319119482555881     
  0.908998750000000        1.51366458333333      -0.317460636392262     
  0.908998750000000        1.81599750000000      -0.314949417575927     
  0.908998750000000        2.11833041666667      -0.311516612198792     
  0.908998750000000        2.42066333333333      -0.307310970138001     
  0.908998750000000        2.72299625000000      -0.301776804234233     
  0.908998750000000        3.02532916666667      -0.294243597298239     
  0.908998750000000        3.32766208333333      -0.284343222822231     
  0.908998750000000        3.62999500000000      -0.272915371979829     
  0.908998750000000        3.93232791666667      -0.261080845033347     
  0.908998750000000        4.23466083333333      -0.249174055884510     
  0.908998750000000        4.53699375000000      -0.237650837287191     
  0.908998750000000        4.83932666666667      -0.227097426877565     
  0.908998750000000        5.14165958333333      -0.217553346970116     
  0.908998750000000        5.44399250000000      -0.209104997649226     
  0.908998750000000        5.74632541666667      -0.201736829033849     
  0.908998750000000        6.04865833333333      -0.195172880928048     
  0.908998750000000        6.35099125000000      -0.189117353164566     
  0.908998750000000        6.65332416666666      -0.182991417566740     
  0.908998750000000        6.95565708333333      -0.176159287773765     
  0.908998750000000        7.25799000000000      -0.169228365164188     
   1.21133166666667       2.000000000000000E-003 -0.301533028845232     
   1.21133166666667       0.304332916666667      -0.314250042154754     
   1.21133166666667       0.606665833333333      -0.325032426370205     
   1.21133166666667       0.908998750000000      -0.332418435953683     
   1.21133166666667        1.21133166666667      -0.336714266338887     
   1.21133166666667        1.51366458333333      -0.338492251741679     
   1.21133166666667        1.81599750000000      -0.337899696572973     
   1.21133166666667        2.11833041666667      -0.335224910430195     
   1.21133166666667        2.42066333333333      -0.330736304297307     
   1.21133166666667        2.72299625000000      -0.324086297895717     
   1.21133166666667        3.02532916666667      -0.315003527593559     
   1.21133166666667        3.32766208333333      -0.303486452560560     
   1.21133166666667        3.62999500000000      -0.289982670999183     
   1.21133166666667        3.93232791666667      -0.275501939214830     
   1.21133166666667        4.23466083333333      -0.261186717329373     
   1.21133166666667        4.53699375000000      -0.247952795794709     
   1.21133166666667        4.83932666666667      -0.236116547677165     
   1.21133166666667        5.14165958333333      -0.225533366919782     
   1.21133166666667        5.44399250000000      -0.215956971522230     
   1.21133166666667        5.74632541666667      -0.207302349494153     
   1.21133166666667        6.04865833333333      -0.199337145871595     
   1.21133166666667        6.35099125000000      -0.191861610419551     
   1.21133166666667        6.65332416666666      -0.184608056204477     
   1.21133166666667        6.95565708333333      -0.177380809019274     
   1.21133166666667        7.25799000000000      -0.170425206609214     
   1.51366458333333       2.000000000000000E-003 -0.310345226034847     
   1.51366458333333       0.304332916666667      -0.324815322665682     
   1.51366458333333       0.606665833333333      -0.338406285828355     
   1.51366458333333       0.908998750000000      -0.350068102849238     
   1.51366458333333        1.21133166666667      -0.358790364919405     
   1.51366458333333        1.51366458333333      -0.363804706323541     
   1.51366458333333        1.81599750000000      -0.364762526867195     
   1.51366458333333        2.11833041666667      -0.362040337233449     
   1.51366458333333        2.42066333333333      -0.356150155899204     
   1.51366458333333        2.72299625000000      -0.347473634250546     
   1.51366458333333        3.02532916666667      -0.336219801280324     
   1.51366458333333        3.32766208333333      -0.322558182964153     
   1.51366458333333        3.62999500000000      -0.306938345597550     
   1.51366458333333        3.93232791666667      -0.290296360893307     
   1.51366458333333        4.23466083333333      -0.273877669509929     
   1.51366458333333        4.53699375000000      -0.258740256724987     
   1.51366458333333        4.83932666666667      -0.245331190479510     
   1.51366458333333        5.14165958333333      -0.233461684766729     
   1.51366458333333        5.44399250000000      -0.222665724927090     
   1.51366458333333        5.74632541666667      -0.212631579799588     
   1.51366458333333        6.04865833333333      -0.203258639413750     
   1.51366458333333        6.35099125000000      -0.194491431069328     
   1.51366458333333        6.65332416666666      -0.186313507319353     
   1.51366458333333        6.95565708333333      -0.178671898681125     
   1.51366458333333        7.25799000000000      -0.171538568895313     
   1.81599750000000       2.000000000000000E-003 -0.325060509408288     
   1.81599750000000       0.304332916666667      -0.342485102205028     
   1.81599750000000       0.606665833333333      -0.359953048083827     
   1.81599750000000       0.908998750000000      -0.376180761243523     
   1.81599750000000        1.21133166666667      -0.389179595365286     
   1.81599750000000        1.51366458333333      -0.396883618100110     
   1.81599750000000        1.81599750000000      -0.398155463154838     
   1.81599750000000        2.11833041666667      -0.393466739906930     
   1.81599750000000        2.42066333333333      -0.384160324272325     
   1.81599750000000        2.72299625000000      -0.371735914005138     
   1.81599750000000        3.02532916666667      -0.357203249672423     
   1.81599750000000        3.32766208333333      -0.340965274413334     
   1.81599750000000        3.62999500000000      -0.323260396805084     
   1.81599750000000        3.93232791666667      -0.304694090301980     
   1.81599750000000        4.23466083333333      -0.286343916495810     
   1.81599750000000        4.53699375000000      -0.269338587389528     
   1.81599750000000        4.83932666666667      -0.254290421215045     
   1.81599750000000        5.14165958333333      -0.241070045767848     
   1.81599750000000        5.44399250000000      -0.229091322468365     
   1.81599750000000        5.74632541666667      -0.217834601740264     
   1.81599750000000        6.04865833333333      -0.207164906603909     
   1.81599750000000        6.35099125000000      -0.197244236211599     
   1.81599750000000        6.65332416666666      -0.188235238832833     
   1.81599750000000        6.95565708333333      -0.180135795294641     
   1.81599750000000        7.25799000000000      -0.172758365995305     
   2.11833041666667       2.000000000000000E-003 -0.347133199128242     
   2.11833041666667       0.304332916666667      -0.368914429165662     
   2.11833041666667       0.606665833333333      -0.391683400918895     
   2.11833041666667       0.908998750000000      -0.413374253687214     
   2.11833041666667        1.21133166666667      -0.430382614073022     
   2.11833041666667        1.51366458333333      -0.439618674668675     
   2.11833041666667        1.81599750000000      -0.439489253818411     
   2.11833041666667        2.11833041666667      -0.430590148398393     
   2.11833041666667        2.42066333333333      -0.415413458180746     
   2.11833041666667        2.72299625000000      -0.397019716068623     
   2.11833041666667        3.02532916666667      -0.377610178940149     
   2.11833041666667        3.32766208333333      -0.357974258561566     
   2.11833041666667        3.62999500000000      -0.338016190934791     
   2.11833041666667        3.93232791666667      -0.317725736250069     
   2.11833041666667        4.23466083333333      -0.297732809166070     
   2.11833041666667        4.53699375000000      -0.279072891043988     
   2.11833041666667        4.83932666666667      -0.262500787558384     
   2.11833041666667        5.14165958333333      -0.248017594258952     
   2.11833041666667        5.44399250000000      -0.235003850466290     
   2.11833041666667        5.74632541666667      -0.222787468198662     
   2.11833041666667        6.04865833333333      -0.211129373654409     
   2.11833041666667        6.35099125000000      -0.200251578284951     
   2.11833041666667        6.65332416666666      -0.190484791552870     
   2.11833041666667        6.95565708333333      -0.181927881772042     
   2.11833041666667        7.25799000000000      -0.174285489481612     
   2.42066333333333       2.000000000000000E-003 -0.378103018159038     
   2.42066333333333       0.304332916666667      -0.405571106984477     
   2.42066333333333       0.606665833333333      -0.435293314595927     
   2.42066333333333       0.908998750000000      -0.462038128315329     
   2.42066333333333        1.21133166666667      -0.481812442457566     
   2.42066333333333        1.51366458333333      -0.491220679699922     
   2.42066333333333        1.81599750000000      -0.487995782093365     
   2.42066333333333        2.11833041666667      -0.472855921282930     
   2.42066333333333        2.42066333333333      -0.449598172424564     
   2.42066333333333        2.72299625000000      -0.423162409396126     
   2.42066333333333        3.02532916666667      -0.397272348676208     
   2.42066333333333        3.32766208333333      -0.373286040200430     
   2.42066333333333        3.62999500000000      -0.350742537026482     
   2.42066333333333        3.93232791666667      -0.328822160152373     
   2.42066333333333        4.23466083333333      -0.307466432275917     
   2.42066333333333        4.53699375000000      -0.287437578452277     
   2.42066333333333        4.83932666666667      -0.269564190426881     
   2.42066333333333        5.14165958333333      -0.254003263270055     
   2.42066333333333        5.44399250000000      -0.240163058408919     
   2.42066333333333        5.74632541666667      -0.227257004154282     
   2.42066333333333        6.04865833333333      -0.214927370526643     
   2.42066333333333        6.35099125000000      -0.203401783851748     
   2.42066333333333        6.65332416666666      -0.193116108084165     
   2.42066333333333        6.95565708333333      -0.184208280589931     
   2.42066333333333        7.25799000000000      -0.176375173655373     
   2.72299625000000       2.000000000000000E-003 -0.420248375672490     
   2.72299625000000       0.304332916666667      -0.454439074729407     
   2.72299625000000       0.606665833333333      -0.492409825656373     
   2.72299625000000       0.908998750000000      -0.523020667652061     
   2.72299625000000        1.21133166666667      -0.541088306227938     
   2.72299625000000        1.51366458333333      -0.547754446785779     
   2.72299625000000        1.81599750000000      -0.539680650637688     
   2.72299625000000        2.11833041666667      -0.516991129284630     
   2.72299625000000        2.42066333333333      -0.484455600133286     
   2.72299625000000        2.72299625000000      -0.448863889183978     
   2.72299625000000        3.02532916666667      -0.415572055244809     
   2.72299625000000        3.32766208333333      -0.386624962416734     
   2.72299625000000        3.62999500000000      -0.361240751024532     
   2.72299625000000        3.93232791666667      -0.337737459531134     
   2.72299625000000        4.23466083333333      -0.315249194979876     
   2.72299625000000        4.53699375000000      -0.294139225733154     
   2.72299625000000        4.83932666666667      -0.275230208919144     
   2.72299625000000        5.14165958333333      -0.258820549395246     
   2.72299625000000        5.44399250000000      -0.244376345717772     
   2.72299625000000        5.74632541666667      -0.231029762169241     
   2.72299625000000        6.04865833333333      -0.218308523451266     
   2.72299625000000        6.35099125000000      -0.206423068100275     
   2.72299625000000        6.65332416666666      -0.195908220540660     
   2.72299625000000        6.95565708333333      -0.187015669756619     
   2.72299625000000        7.25799000000000      -0.179258513604020     
   3.02532916666667       2.000000000000000E-003 -0.470842544051282     
   3.02532916666667       0.304332916666667      -0.513040216639620     
   3.02532916666667       0.606665833333333      -0.558852396729862     
   3.02532916666667       0.908998750000000      -0.592646874869709     
   3.02532916666667        1.21133166666667      -0.602624519145517     
   3.02532916666667        1.51366458333333      -0.601519581718437     
   3.02532916666667        1.81599750000000      -0.587174138006633     
   3.02532916666667        2.11833041666667      -0.556911609453600     
   3.02532916666667        2.42066333333333      -0.515570566441273     
   3.02532916666667        2.72299625000000      -0.471352003588435     
   3.02532916666667        3.02532916666667      -0.431043261482847     
   3.02532916666667        3.32766208333333      -0.397352581231474     
   3.02532916666667        3.62999500000000      -0.369262708670962     
   3.02532916666667        3.93232791666667      -0.344332540538136     
   3.02532916666667        4.23466083333333      -0.320939106281581     
   3.02532916666667        4.53699375000000      -0.299027769589240     
   3.02532916666667        4.83932666666667      -0.279362082559371     
   3.02532916666667        5.14165958333333      -0.262344271002703     
   3.02532916666667        5.44399250000000      -0.247500622112622     
   3.02532916666667        5.74632541666667      -0.233909898820360     
   3.02532916666667        6.04865833333333      -0.221007388206151     
   3.02532916666667        6.35099125000000      -0.208995713774158     
   3.02532916666667        6.65332416666666      -0.198468610393719     
   3.02532916666667        6.95565708333333      -0.189856206473241     
   3.02532916666667        7.25799000000000      -0.182466530821921     
   3.32766208333333       2.000000000000000E-003 -0.514699783219660     
   3.32766208333333       0.304332916666667      -0.567133181494723     
   3.32766208333333       0.606665833333333      -0.618169655518803     
   3.32766208333333       0.908998750000000      -0.650704596513527     
   3.32766208333333        1.21133166666667      -0.654042788216858     
   3.32766208333333        1.51366458333333      -0.641525998104649     
   3.32766208333333        1.81599750000000      -0.621184839859982     
   3.32766208333333        2.11833041666667      -0.585128606728407     
   3.32766208333333        2.42066333333333      -0.537405191883205     
   3.32766208333333        2.72299625000000      -0.486982021649491     
   3.32766208333333        3.02532916666667      -0.441603580890626     
   3.32766208333333        3.32766208333333      -0.404456398957823     
   3.32766208333333        3.62999500000000      -0.374384020023588     
   3.32766208333333        3.93232791666667      -0.348426925422208     
   3.32766208333333        4.23466083333333      -0.324425021283483     
   3.32766208333333        4.53699375000000      -0.302009187058027     
   3.32766208333333        4.83932666666667      -0.281878118978382     
   3.32766208333333        5.14165958333333      -0.264494123709526     
   3.32766208333333        5.44399250000000      -0.249426199852072     
   3.32766208333333        5.74632541666667      -0.235721102181554     
   3.32766208333333        6.04865833333333      -0.222741367135523     
   3.32766208333333        6.35099125000000      -0.210667680126365     
   3.32766208333333        6.65332416666666      -0.200040827702541     
   3.32766208333333        6.95565708333333      -0.191618149731959     
   3.32766208333333        7.25799000000000      -0.184570329668962     
   3.62999500000000       2.000000000000000E-003 -0.526858649167718     
   3.62999500000000       0.304332916666667      -0.591251305462252     
   3.62999500000000       0.606665833333333      -0.643226869971171     
   3.62999500000000       0.908998750000000      -0.673794884780686     
   3.62999500000000        1.21133166666667      -0.674347938293999     
   3.62999500000000        1.51366458333333      -0.656550983828028     
   3.62999500000000        1.81599750000000      -0.633611971182206     
   3.62999500000000        2.11833041666667      -0.595356259410199     
   3.62999500000000        2.42066333333333      -0.545292935357006     
   3.62999500000000        2.72299625000000      -0.492607240229428     
   3.62999500000000        3.02532916666667      -0.445376151427244     
   3.62999500000000        3.32766208333333      -0.406959849882563     
   3.62999500000000        3.62999500000000      -0.376156168475423     
   3.62999500000000        3.93232791666667      -0.349821705703496     
   3.62999500000000        4.23466083333333      -0.325602422091830     
   3.62999500000000        4.53699375000000      -0.303012680317921     
   3.62999500000000        4.83932666666667      -0.282723794328531     
   3.62999500000000        5.14165958333333      -0.265217301497789     
   3.62999500000000        5.44399250000000      -0.250077326649947     
   3.62999500000000        5.74632541666667      -0.236339129535696     
   3.62999500000000        6.04865833333333      -0.223335357014051     
   3.62999500000000        6.35099125000000      -0.211222793022094     
   3.62999500000000        6.65332416666666      -0.200478315084150     
   3.62999500000000        6.95565708333333      -0.192081808030292     
   3.62999500000000        7.25799000000000      -0.185474852323762     
   3.93232791666667       2.000000000000000E-003 -0.514700754121351     
   3.93232791666667       0.304332916666667      -0.567134401152016     
   3.93232791666667       0.606665833333333      -0.618170570180135     
   3.93232791666667       0.908998750000000      -0.650705420481190     
   3.93232791666667        1.21133166666667      -0.654043390598797     
   3.93232791666667        1.51366458333333      -0.641526230227527     
   3.93232791666667        1.81599750000000      -0.621184956289522     
   3.93232791666667        2.11833041666667      -0.585128672447090     
   3.93232791666667        2.42066333333333      -0.537405216152754     
   3.93232791666667        2.72299625000000      -0.486982013960175     
   3.93232791666667        3.02532916666667      -0.441603563329520     
   3.93232791666667        3.32766208333333      -0.404456382698101     
   3.93232791666667        3.62999500000000      -0.374384000858127     
   3.93232791666667        3.93232791666667      -0.348426919853178     
   3.93232791666667        4.23466083333333      -0.324425028829637     
   3.93232791666667        4.53699375000000      -0.302009203197815     
   3.93232791666667        4.83932666666667      -0.281878140561446     
   3.93232791666667        5.14165958333333      -0.264494143019780     
   3.93232791666667        5.44399250000000      -0.249426218358956     
   3.93232791666667        5.74632541666667      -0.235721124020573     
   3.93232791666667        6.04865833333333      -0.222741396065073     
   3.93232791666667        6.35099125000000      -0.210667738628490     
   3.93232791666667        6.65332416666666      -0.200040891372073     
   3.93232791666667        6.95565708333333      -0.191618203861111     
   3.93232791666667        7.25799000000000      -0.184570349571643     
   4.23466083333333       2.000000000000000E-003 -0.470844185413179     
   4.23466083333333       0.304332916666667      -0.513041663831388     
   4.23466083333333       0.606665833333333      -0.558853693165453     
   4.23466083333333       0.908998750000000      -0.592647994890193     
   4.23466083333333        1.21133166666667      -0.602625227264574     
   4.23466083333333        1.51366458333333      -0.601519910222194     
   4.23466083333333        1.81599750000000      -0.587174310893267     
   4.23466083333333        2.11833041666667      -0.556911705465109     
   4.23466083333333        2.42066333333333      -0.515570599714950     
   4.23466083333333        2.72299625000000      -0.471351991345074     
   4.23466083333333        3.02532916666667      -0.431043228284972     
   4.23466083333333        3.32766208333333      -0.397352545042332     
   4.23466083333333        3.62999500000000      -0.369262690664926     
   4.23466083333333        3.93232791666667      -0.344332546469259     
   4.23466083333333        4.23466083333333      -0.320939135497701     
   4.23466083333333        4.53699375000000      -0.299027819653923     
   4.23466083333333        4.83932666666667      -0.279362135909470     
   4.23466083333333        5.14165958333333      -0.262344320575300     
   4.23466083333333        5.44399250000000      -0.247500669675553     
   4.23466083333333        5.74632541666667      -0.233909947840436     
   4.23466083333333        6.04865833333333      -0.221007445259309     
   4.23466083333333        6.35099125000000      -0.208995795844521     
   4.23466083333333        6.65332416666666      -0.198468716364976     
   4.23466083333333        6.95565708333333      -0.189856297328114     
   4.23466083333333        7.25799000000000      -0.182466572881419     
   4.53699375000000       2.000000000000000E-003 -0.420249708077087     
   4.53699375000000       0.304332916666667      -0.454440254614058     
   4.53699375000000       0.606665833333333      -0.492410869549249     
   4.53699375000000       0.908998750000000      -0.523021538834880     
   4.53699375000000        1.21133166666667      -0.541088790909571     
   4.53699375000000        1.51366458333333      -0.547754717779868     
   4.53699375000000        1.81599750000000      -0.539680800973329     
   4.53699375000000        2.11833041666667      -0.516991215211737     
   4.53699375000000        2.42066333333333      -0.484455617362666     
   4.53699375000000        2.72299625000000      -0.448863872813438     
   4.53699375000000        3.02532916666667      -0.415572015306609     
   4.53699375000000        3.32766208333333      -0.386624936520383     
   4.53699375000000        3.62999500000000      -0.361240757034156     
   4.53699375000000        3.93232791666667      -0.337737500232469     
   4.53699375000000        4.23466083333333      -0.315249268674401     
   4.53699375000000        4.53699375000000      -0.294139312003952     
   4.53699375000000        4.83932666666667      -0.275230305177048     
   4.53699375000000        5.14165958333333      -0.258820639078742     
   4.53699375000000        5.44399250000000      -0.244376432527143     
   4.53699375000000        5.74632541666667      -0.231029848020794     
   4.53699375000000        6.04865833333333      -0.218308606006663     
   4.53699375000000        6.35099125000000      -0.206423150807808     
   4.53699375000000        6.65332416666666      -0.195908320336718     
   4.53699375000000        6.95565708333333      -0.187015764500134     
   4.53699375000000        7.25799000000000      -0.179258571374158     
   4.83932666666667       2.000000000000000E-003 -0.378103771538675     
   4.83932666666667       0.304332916666667      -0.405571727793571     
   4.83932666666667       0.606665833333333      -0.435293832370679     
   4.83932666666667       0.908998750000000      -0.462038508922195     
   4.83932666666667        1.21133166666667      -0.481812668871318     
   4.83932666666667        1.51366458333333      -0.491220829210148     
   4.83932666666667        1.81599750000000      -0.487995873052129     
   4.83932666666667        2.11833041666667      -0.472855974526145     
   4.83932666666667        2.42066333333333      -0.449598203618966     
   4.83932666666667        2.72299625000000      -0.423162426439753     
   4.83932666666667        3.02532916666667      -0.397272358504058     
   4.83932666666667        3.32766208333333      -0.373286076403153     
   4.83932666666667        3.62999500000000      -0.350742606813978     
   4.83932666666667        3.93232791666667      -0.328822267648519     
   4.83932666666667        4.23466083333333      -0.307466564313525     
   4.83932666666667        4.53699375000000      -0.287437728142220     
   4.83932666666667        4.83932666666667      -0.269564347254423     
   4.83932666666667        5.14165958333333      -0.254003420356795     
   4.83932666666667        5.44399250000000      -0.240163212469570     
   4.83932666666667        5.74632541666667      -0.227257145994724     
   4.83932666666667        6.04865833333333      -0.214927498278293     
   4.83932666666667        6.35099125000000      -0.203401897764118     
   4.83932666666667        6.65332416666666      -0.193116203211760     
   4.83932666666667        6.95565708333333      -0.184208352697219     
   4.83932666666667        7.25799000000000      -0.176375216278515     
   5.14165958333333       2.000000000000000E-003 -0.347133502409358     
   5.14165958333333       0.304332916666667      -0.368914643336755     
   5.14165958333333       0.606665833333333      -0.391683484771635     
   5.14165958333333       0.908998750000000      -0.413374297911512     
   5.14165958333333        1.21133166666667      -0.430382615487348     
   5.14165958333333        1.51366458333333      -0.439618681834864     
   5.14165958333333        1.81599750000000      -0.439489290926946     
   5.14165958333333        2.11833041666667      -0.430590210331199     
   5.14165958333333        2.42066333333333      -0.415413529674939     
   5.14165958333333        2.72299625000000      -0.397019824606635     
   5.14165958333333        3.02532916666667      -0.377610306176880     
   5.14165958333333        3.32766208333333      -0.357974414756021     
   5.14165958333333        3.62999500000000      -0.338016366309165     
   5.14165958333333        3.93232791666667      -0.317725928568173     
   5.14165958333333        4.23466083333333      -0.297733022154112     
   5.14165958333333        4.53699375000000      -0.279073115134414     
   5.14165958333333        4.83932666666667      -0.262501021508825     
   5.14165958333333        5.14165958333333      -0.248017836059865     
   5.14165958333333        5.44399250000000      -0.235004091828428     
   5.14165958333333        5.74632541666667      -0.222787685991530     
   5.14165958333333        6.04865833333333      -0.211129567600933     
   5.14165958333333        6.35099125000000      -0.200251746945433     
   5.14165958333333        6.65332416666666      -0.190484933213602     
   5.14165958333333        6.95565708333333      -0.181928000599400     
   5.14165958333333        7.25799000000000      -0.174285574669054     
   5.44399250000000       2.000000000000000E-003 -0.325060458666307     
   5.44399250000000       0.304332916666667      -0.342484960145633     
   5.44399250000000       0.606665833333333      -0.359952807846637     
   5.44399250000000       0.908998750000000      -0.376180501782589     
   5.44399250000000        1.21133166666667      -0.389179377104177     
   5.44399250000000        1.51366458333333      -0.396883522447613     
   5.44399250000000        1.81599750000000      -0.398155479763756     
   5.44399250000000        2.11833041666667      -0.393466857470959     
   5.44399250000000        2.42066333333333      -0.384160520556369     
   5.44399250000000        2.72299625000000      -0.371736191193922     
   5.44399250000000        3.02532916666667      -0.357203561306438     
   5.44399250000000        3.32766208333333      -0.340965605895019     
   5.44399250000000        3.62999500000000      -0.323260713217527     
   5.44399250000000        3.93232791666667      -0.304694388133440     
   5.44399250000000        4.23466083333333      -0.286344201765416     
   5.44399250000000        4.53699375000000      -0.269338873779489     
   5.44399250000000        4.83932666666667      -0.254290732305707     
   5.44399250000000        5.14165958333333      -0.241070373674235     
   5.44399250000000        5.44399250000000      -0.229091649698053     
   5.44399250000000        5.74632541666667      -0.217834915118752     
   5.44399250000000        6.04865833333333      -0.207165191129419     
   5.44399250000000        6.35099125000000      -0.197244485242649     
   5.44399250000000        6.65332416666666      -0.188235455540365     
   5.44399250000000        6.95565708333333      -0.180135977892287     
   5.44399250000000        7.25799000000000      -0.172758504426184     
   5.74632541666667       2.000000000000000E-003 -0.310344908534908     
   5.74632541666667       0.304332916666667      -0.324814894092199     
   5.74632541666667       0.606665833333333      -0.338405757699039     
   5.74632541666667       0.908998750000000      -0.350067583774498     
   5.74632541666667        1.21133166666667      -0.358789993484713     
   5.74632541666667        1.51366458333333      -0.363804540198488     
   5.74632541666667        1.81599750000000      -0.364762577543334     
   5.74632541666667        2.11833041666667      -0.362040565344868     
   5.74632541666667        2.42066333333333      -0.356150548596364     
   5.74632541666667        2.72299625000000      -0.347474162451005     
   5.74632541666667        3.02532916666667      -0.336220391339764     
   5.74632541666667        3.32766208333333      -0.322558759119177     
   5.74632541666667        3.62999500000000      -0.306938830905264     
   5.74632541666667        3.93232791666667      -0.290296745103125     
   5.74632541666667        4.23466083333333      -0.273878003140327     
   5.74632541666667        4.53699375000000      -0.258740589995504     
   5.74632541666667        4.83932666666667      -0.245331552593719     
   5.74632541666667        5.14165958333333      -0.233462082149617     
   5.74632541666667        5.44399250000000      -0.222666153782289     
   5.74632541666667        5.74632541666667      -0.212632010835357     
   5.74632541666667        6.04865833333333      -0.203259048703995     
   5.74632541666667        6.35099125000000      -0.194491816119100     
   5.74632541666667        6.65332416666666      -0.186313861489616     
   5.74632541666667        6.95565708333333      -0.178672215358753     
   5.74632541666667        7.25799000000000      -0.171538823903397     
   6.04865833333333       2.000000000000000E-003 -0.301532575338524     
   6.04865833333333       0.304332916666667      -0.314249410283380     
   6.04865833333333       0.606665833333333      -0.325031694451997     
   6.04865833333333       0.908998750000000      -0.332417821763330     
   6.04865833333333        1.21133166666667      -0.336713911945970     
   6.04865833333333        1.51366458333333      -0.338492179888307     
   6.04865833333333        1.81599750000000      -0.337899882393909     
   6.04865833333333        2.11833041666667      -0.335225336954298     
   6.04865833333333        2.42066333333333      -0.330736972396389     
   6.04865833333333        2.72299625000000      -0.324087161948852     
   6.04865833333333        3.02532916666667      -0.315004493659721     
   6.04865833333333        3.32766208333333      -0.303487330259231     
   6.04865833333333        3.62999500000000      -0.289983316310913     
   6.04865833333333        3.93232791666667      -0.275502337555179     
   6.04865833333333        4.23466083333333      -0.261187019089400     
   6.04865833333333        4.53699375000000      -0.247953118837540     
   6.04865833333333        4.83932666666667      -0.236116937941476     
   6.04865833333333        5.14165958333333      -0.225533829976547     
   6.04865833333333        5.44399250000000      -0.215957501421967     
   6.04865833333333        5.74632541666667      -0.207302911366767     
   6.04865833333333        6.04865833333333      -0.199337734831345     
   6.04865833333333        6.35099125000000      -0.191862200225398     
   6.04865833333333        6.65332416666666      -0.184608605037845     
   6.04865833333333        6.95565708333333      -0.177381292546255     
   6.04865833333333        7.25799000000000      -0.170425600652350     
   6.35099125000000       2.000000000000000E-003 -0.296477170481742     
   6.35099125000000       0.304332916666667      -0.308770009634088     
   6.35099125000000       0.606665833333333      -0.317137147187239     
   6.35099125000000       0.908998750000000      -0.319619698748311     
   6.35099125000000        1.21133166666667      -0.319119451242775     
   6.35099125000000        1.51366458333333      -0.317460822640011     
   6.35099125000000        1.81599750000000      -0.314949834873953     
   6.35099125000000        2.11833041666667      -0.311517281667588     
   6.35099125000000        2.42066333333333      -0.307311953769758     
   6.35099125000000        2.72299625000000      -0.301778113516245     
   6.35099125000000        3.02532916666667      -0.294245114796934     
   6.35099125000000        3.32766208333333      -0.284344588269517     
   6.35099125000000        3.62999500000000      -0.272916190515099     
   6.35099125000000        3.93232791666667      -0.261081161540579     
   6.35099125000000        4.23466083333333      -0.249174222343017     
   6.35099125000000        4.53699375000000      -0.237651097760397     
   6.35099125000000        4.83932666666667      -0.227097827040467     
   6.35099125000000        5.14165958333333      -0.217553869717066     
   6.35099125000000        5.44399250000000      -0.209105615878522     
   6.35099125000000        5.74632541666667      -0.201737538353361     
   6.35099125000000        6.04865833333333      -0.195173687855468     
   6.35099125000000        6.35099125000000      -0.189118207972754     
   6.35099125000000        6.65332416666666      -0.182992215917207     
   6.35099125000000        6.95565708333333      -0.176159940578224     
   6.35099125000000        7.25799000000000      -0.169228879995010     
   6.65332416666666       2.000000000000000E-003 -0.291120826538493     
   6.65332416666666       0.304332916666667      -0.304292669397073     
   6.65332416666666       0.606665833333333      -0.309313798493408     
   6.65332416666666       0.908998750000000      -0.306378898390989     
   6.65332416666666        1.21133166666667      -0.301893458016629     
   6.65332416666666        1.51366458333333      -0.297757994489384     
   6.65332416666666        1.81599750000000      -0.293797262612066     
   6.65332416666666        2.11833041666667      -0.289809941980924     
   6.65332416666666        2.42066333333333      -0.285774379307510     
   6.65332416666666        2.72299625000000      -0.281178811452186     
   6.65332416666666        3.02532916666667      -0.274989234451358     
   6.65332416666666        3.32766208333333      -0.266526413097234     
   6.65332416666666        3.62999500000000      -0.257382105546900     
   6.65332416666666        3.93232791666667      -0.248716145172068     
   6.65332416666666        4.23466083333333      -0.239070722922457     
   6.65332416666666        4.53699375000000      -0.228493644844805     
   6.65332416666666        4.83932666666667      -0.218534789624611     
   6.65332416666666        5.14165958333333      -0.209639115346541     
   6.65332416666666        5.44399250000000      -0.202095973858500     
   6.65332416666666        5.74632541666667      -0.195780222866182     
   6.65332416666666        6.04865833333333      -0.190432081518586     
   6.65332416666666        6.35099125000000      -0.185753137072534     
   6.65332416666666        6.65332416666666      -0.181001274053074     
   6.65332416666666        6.95565708333333      -0.174851971444975     
   6.65332416666666        7.25799000000000      -0.167769596334045     
   6.95565708333333       2.000000000000000E-003 -0.277352465248783     
   6.95565708333333       0.304332916666667      -0.291667739612929     
   6.95565708333333       0.606665833333333      -0.292724741321970     
   6.95565708333333       0.908998750000000      -0.287633171647663     
   6.95565708333333        1.21133166666667      -0.282675054602727     
   6.95565708333333        1.51366458333333      -0.278135579047324     
   6.95565708333333        1.81599750000000      -0.273826710982447     
   6.95565708333333        2.11833041666667      -0.269847009078687     
   6.95565708333333        2.42066333333333      -0.266426979573842     
   6.95565708333333        2.72299625000000      -0.263320506238446     
   6.95565708333333        3.02532916666667      -0.259436190606348     
   6.95565708333333        3.32766208333333      -0.253449020754733     
   6.95565708333333        3.62999500000000      -0.246984782673958     
   6.95565708333333        3.93232791666667      -0.240555517039697     
   6.95565708333333        4.23466083333333      -0.231522901570164     
   6.95565708333333        4.53699375000000      -0.220630480315811     
   6.95565708333333        4.83932666666667      -0.210378463837982     
   6.95565708333333        5.14165958333333      -0.201795434710188     
   6.95565708333333        5.44399250000000      -0.194907358363342     
   6.95565708333333        5.74632541666667      -0.189406108389840     
   6.95565708333333        6.04865833333333      -0.184940338589244     
   6.95565708333333        6.35099125000000      -0.181161778216107     
   6.95565708333333        6.65332416666666      -0.177464235610347     
   6.95565708333333        6.95565708333333      -0.172380636241977     
   6.95565708333333        7.25799000000000      -0.165291884815591     
   7.25799000000000       2.000000000000000E-003 -0.258096863175990     
   7.25799000000000       0.304332916666667      -0.268158291857634     
   7.25799000000000       0.606665833333333      -0.269158666953437     
   7.25799000000000       0.908998750000000      -0.266674048741377     
   7.25799000000000        1.21133166666667      -0.263441578577445     
   7.25799000000000        1.51366458333333      -0.259585142226101     
   7.25799000000000        1.81599750000000      -0.255564131051504     
   7.25799000000000        2.11833041666667      -0.252002553348218     
   7.25799000000000        2.42066333333333      -0.249552022212718     
   7.25799000000000        2.72299625000000      -0.248335957074337     
   7.25799000000000        3.02532916666667      -0.247570447759684     
   7.25799000000000        3.32766208333333      -0.244888198368038     
   7.25799000000000        3.62999500000000      -0.239529347824929     
   7.25799000000000        3.93232791666667      -0.232462330338018     
   7.25799000000000        4.23466083333333      -0.223468445657599     
   7.25799000000000        4.53699375000000      -0.212369142820606     
   7.25799000000000        4.83932666666667      -0.202114102577542     
   7.25799000000000        5.14165958333333      -0.193867859318244     
   7.25799000000000        5.44399250000000      -0.187632864547253     
   7.25799000000000        5.74632541666667      -0.182854715341448     
   7.25799000000000        6.04865833333333      -0.179089855242518     
   7.25799000000000        6.35099125000000      -0.175860763722733     
   7.25799000000000        6.65332416666666      -0.172455802418692     
   7.25799000000000        6.95565708333333      -0.167378965971919     
   7.25799000000000        7.25799000000000      -0.160884010602353     
