  2.000000000000000E-003  2.000000000000000E-003  -1.80588566442723     
  2.000000000000000E-003  0.304332916666667       -1.65172516033754     
  2.000000000000000E-003  0.606665833333333       -1.45887159982431     
  2.000000000000000E-003  0.908998750000000       -1.18918069162177     
  2.000000000000000E-003   1.21133166666667      -0.934830959595559     
  2.000000000000000E-003   1.51366458333333      -0.744297608699721     
  2.000000000000000E-003   1.81599750000000      -0.608329842362688     
  2.000000000000000E-003   2.11833041666667      -0.508647572212258     
  2.000000000000000E-003   2.42066333333333      -0.432984197692881     
  2.000000000000000E-003   2.72299625000000      -0.376167810478523     
  2.000000000000000E-003   3.02532916666667      -0.335658340240099     
  2.000000000000000E-003   3.32766208333333      -0.307874411580063     
  2.000000000000000E-003   3.62999500000000      -0.289596181208225     
  2.000000000000000E-003   3.93232791666667      -0.263993826996805     
  2.000000000000000E-003   4.23466083333333      -0.243461019170064     
  2.000000000000000E-003   4.53699375000000      -0.226567474381701     
  2.000000000000000E-003   4.83932666666667      -0.212557388436004     
  2.000000000000000E-003   5.14165958333333      -0.200822285993564     
  2.000000000000000E-003   5.44399250000000      -0.190816741184012     
  2.000000000000000E-003   5.74632541666667      -0.182010896524252     
  2.000000000000000E-003   6.04865833333333      -0.173830607611352     
  2.000000000000000E-003   6.35099125000000      -0.165903167217464     
  2.000000000000000E-003   6.65332416666666      -0.158241590641133     
  2.000000000000000E-003   6.95565708333333      -0.151384505402645     
  2.000000000000000E-003   7.25799000000000      -0.145590485554116     
  0.304332916666667       2.000000000000000E-003  -1.65114468256437     
  0.304332916666667       0.304332916666667       -1.60138692258420     
  0.304332916666667       0.606665833333333       -1.42296742732598     
  0.304332916666667       0.908998750000000       -1.15765490192340     
  0.304332916666667        1.21133166666667      -0.914467193408436     
  0.304332916666667        1.51366458333333      -0.732094652494691     
  0.304332916666667        1.81599750000000      -0.600872421380506     
  0.304332916666667        2.11833041666667      -0.504160978267455     
  0.304332916666667        2.42066333333333      -0.430608527439943     
  0.304332916666667        2.72299625000000      -0.375022100830607     
  0.304332916666667        3.02532916666667      -0.335586179447473     
  0.304332916666667        3.32766208333333      -0.308492738193768     
  0.304332916666667        3.62999500000000      -0.287676540609709     
  0.304332916666667        3.93232791666667      -0.265040583435863     
  0.304332916666667        4.23466083333333      -0.244154799060583     
  0.304332916666667        4.53699375000000      -0.226812730369405     
  0.304332916666667        4.83932666666667      -0.212635231841556     
  0.304332916666667        5.14165958333333      -0.200786488869708     
  0.304332916666667        5.44399250000000      -0.190698845717011     
  0.304332916666667        5.74632541666667      -0.181803348223422     
  0.304332916666667        6.04865833333333      -0.173486261933033     
  0.304332916666667        6.35099125000000      -0.165344606610939     
  0.304332916666667        6.65332416666666      -0.157412714978639     
  0.304332916666667        6.95565708333333      -0.150732576976891     
  0.304332916666667        7.25799000000000      -0.145955079658841     
  0.606665833333333       2.000000000000000E-003  -1.45796399503560     
  0.606665833333333       0.304332916666667       -1.42242158941061     
  0.606665833333333       0.606665833333333       -1.27433198896197     
  0.606665833333333       0.908998750000000       -1.05703515614179     
  0.606665833333333        1.21133166666667      -0.854319612066756     
  0.606665833333333        1.51366458333333      -0.696755352917148     
  0.606665833333333        1.81599750000000      -0.579347571626509     
  0.606665833333333        2.11833041666667      -0.490826806964477     
  0.606665833333333        2.42066333333333      -0.423153044818852     
  0.606665833333333        2.72299625000000      -0.370964611269987     
  0.606665833333333        3.02532916666667      -0.333514818490839     
  0.606665833333333        3.32766208333333      -0.306952235579591     
  0.606665833333333        3.62999500000000      -0.285549534011103     
  0.606665833333333        3.93232791666667      -0.264392202939821     
  0.606665833333333        4.23466083333333      -0.244159420356913     
  0.606665833333333        4.53699375000000      -0.226777925885169     
  0.606665833333333        4.83932666666667      -0.212515395439742     
  0.606665833333333        5.14165958333333      -0.200507145317838     
  0.606665833333333        5.44399250000000      -0.190294973808195     
  0.606665833333333        5.74632541666667      -0.181217471424417     
  0.606665833333333        6.04865833333333      -0.172682418269681     
  0.606665833333333        6.35099125000000      -0.164417035092720     
  0.606665833333333        6.65332416666666      -0.156758189309361     
  0.606665833333333        6.95565708333333      -0.150874768838281     
  0.606665833333333        7.25799000000000      -0.146230266899463     
  0.908998750000000       2.000000000000000E-003  -1.18834357203202     
  0.908998750000000       0.304332916666667       -1.15700846058626     
  0.908998750000000       0.606665833333333       -1.05675575362926     
  0.908998750000000       0.908998750000000      -0.911421936535352     
  0.908998750000000        1.21133166666667      -0.766108905861674     
  0.908998750000000        1.51366458333333      -0.643628520993806     
  0.908998750000000        1.81599750000000      -0.546287707709057     
  0.908998750000000        2.11833041666667      -0.469893457565944     
  0.908998750000000        2.42066333333333      -0.410061407679780     
  0.908998750000000        2.72299625000000      -0.363276953366194     
  0.908998750000000        3.02532916666667      -0.327965628746358     
  0.908998750000000        3.32766208333333      -0.301708747307495     
  0.908998750000000        3.62999500000000      -0.280268981709168     
  0.908998750000000        3.93232791666667      -0.260464605171421     
  0.908998750000000        4.23466083333333      -0.241905662066678     
  0.908998750000000        4.53699375000000      -0.225530441613349     
  0.908998750000000        4.83932666666667      -0.211618619951898     
  0.908998750000000        5.14165958333333      -0.199739913308033     
  0.908998750000000        5.44399250000000      -0.189467237282704     
  0.908998750000000        5.74632541666667      -0.180256776670914     
  0.908998750000000        6.04865833333333      -0.171643901103137     
  0.908998750000000        6.35099125000000      -0.163558018345058     
  0.908998750000000        6.65332416666666      -0.156403705324394     
  0.908998750000000        6.95565708333333      -0.150706108630737     
  0.908998750000000        7.25799000000000      -0.145675461113163     
   1.21133166666667       2.000000000000000E-003 -0.934178740753729     
   1.21133166666667       0.304332916666667      -0.913914179826663     
   1.21133166666667       0.606665833333333      -0.853983111375262     
   1.21133166666667       0.908998750000000      -0.765977745092713     
   1.21133166666667        1.21133166666667      -0.670382758903446     
   1.21133166666667        1.51366458333333      -0.581993524253781     
   1.21133166666667        1.81599750000000      -0.506157814349508     
   1.21133166666667        2.11833041666667      -0.443430369782446     
   1.21133166666667        2.42066333333333      -0.392505518516023     
   1.21133166666667        2.72299625000000      -0.351729685113389     
   1.21133166666667        3.02532916666667      -0.319566210742473     
   1.21133166666667        3.32766208333333      -0.294235646313713     
   1.21133166666667        3.62999500000000      -0.273369499014676     
   1.21133166666667        3.93232791666667      -0.254883683787968     
   1.21133166666667        4.23466083333333      -0.238058611440813     
   1.21133166666667        4.53699375000000      -0.223024101846566     
   1.21133166666667        4.83932666666667      -0.209818903088992     
   1.21133166666667        5.14165958333333      -0.198262142171776     
   1.21133166666667        5.44399250000000      -0.188057701117571     
   1.21133166666667        5.74632541666667      -0.178819477636683     
   1.21133166666667        6.04865833333333      -0.170253033045652     
   1.21133166666667        6.35099125000000      -0.162396593503061     
   1.21133166666667        6.65332416666666      -0.155523500871988     
   1.21133166666667        6.95565708333333      -0.149751904833640     
   1.21133166666667        7.25799000000000      -0.144532171757937     
   1.51366458333333       2.000000000000000E-003 -0.743829287874060     
   1.51366458333333       0.304332916666667      -0.731677786174014     
   1.51366458333333       0.606665833333333      -0.696460564228651     
   1.51366458333333       0.908998750000000      -0.643465685628770     
   1.51366458333333        1.21133166666667      -0.581931900657853     
   1.51366458333333        1.51366458333333      -0.520310202835502     
   1.51366458333333        1.81599750000000      -0.463656084472638     
   1.51366458333333        2.11833041666667      -0.414238990894386     
   1.51366458333333        2.42066333333333      -0.372338964422204     
   1.51366458333333        2.72299625000000      -0.337522809526967     
   1.51366458333333        3.02532916666667      -0.308989102266841     
   1.51366458333333        3.32766208333333      -0.285589066106563     
   1.51366458333333        3.62999500000000      -0.265935705757263     
   1.51366458333333        3.93232791666667      -0.248791145809564     
   1.51366458333333        4.23466083333333      -0.233434605191315     
   1.51366458333333        4.53699375000000      -0.219598603723306     
   1.51366458333333        4.83932666666667      -0.207173548832043     
   1.51366458333333        5.14165958333333      -0.196027002354202     
   1.51366458333333        5.44399250000000      -0.185975358823253     
   1.51366458333333        5.74632541666667      -0.176816132367362     
   1.51366458333333        6.04865833333333      -0.168381141039171     
   1.51366458333333        6.35099125000000      -0.160736780699531     
   1.51366458333333        6.65332416666666      -0.154038590971473     
   1.51366458333333        6.95565708333333      -0.148265590500338     
   1.51366458333333        7.25799000000000      -0.143063149121319     
   1.81599750000000       2.000000000000000E-003 -0.608005796375292     
   1.81599750000000       0.304332916666667      -0.600575534251906     
   1.81599750000000       0.606665833333333      -0.579117697745664     
   1.81599750000000       0.908998750000000      -0.546137518461901     
   1.81599750000000        1.21133166666667      -0.506076478193593     
   1.81599750000000        1.51366458333333      -0.463624313571195     
   1.81599750000000        1.81599750000000      -0.422469833138945     
   1.81599750000000        2.11833041666667      -0.384676658351003     
   1.81599750000000        2.42066333333333      -0.351117315220249     
   1.81599750000000        2.72299625000000      -0.322019422050954     
   1.81599750000000        3.02532916666667      -0.297200459599395     
   1.81599750000000        3.32766208333333      -0.276143504647265     
   1.81599750000000        3.62999500000000      -0.258105155872384     
   1.81599750000000        3.93232791666667      -0.242321995066096     
   1.81599750000000        4.23466083333333      -0.228209242710440     
   1.81599750000000        4.53699375000000      -0.215414266852290     
   1.81599750000000        4.83932666666667      -0.203742415481226     
   1.81599750000000        5.14165958333333      -0.193065659281376     
   1.81599750000000        5.44399250000000      -0.183279884130311     
   1.81599750000000        5.74632541666667      -0.174304500349746     
   1.81599750000000        6.04865833333333      -0.166091215002903     
   1.81599750000000        6.35099125000000      -0.158686816573927     
   1.81599750000000        6.65332416666666      -0.152181196116111     
   1.81599750000000        6.95565708333333      -0.146507281451336     
   1.81599750000000        7.25799000000000      -0.141419807874407     
   2.11833041666667       2.000000000000000E-003 -0.508423075605105     
   2.11833041666667       0.304332916666667      -0.503950587703089     
   2.11833041666667       0.606665833333333      -0.490653420275774     
   2.11833041666667       0.908998750000000      -0.469766464663105     
   2.11833041666667        1.21133166666667      -0.443348706935731     
   2.11833041666667        1.51366458333333      -0.414194593407464     
   2.11833041666667        1.81599750000000      -0.384659194799224     
   2.11833041666667        2.11833041666667      -0.356262972320895     
   2.11833041666667        2.42066333333333      -0.329871789033904     
   2.11833041666667        2.72299625000000      -0.305956678334259     
   2.11833041666667        3.02532916666667      -0.284715557535320     
   2.11833041666667        3.32766208333333      -0.266087602960491     
   2.11833041666667        3.62999500000000      -0.249777533099528     
   2.11833041666667        3.93232791666667      -0.235354412462238     
   2.11833041666667        4.23466083333333      -0.222387270289914     
   2.11833041666667        4.53699375000000      -0.210542012759376     
   2.11833041666667        4.83932666666667      -0.199606033718967     
   2.11833041666667        5.14165958333333      -0.189466234054120     
   2.11833041666667        5.44399250000000      -0.180078613719916     
   2.11833041666667        5.74632541666667      -0.171444516311220     
   2.11833041666667        6.04865833333333      -0.163586371718434     
   2.11833041666667        6.35099125000000      -0.156519926318648     
   2.11833041666667        6.65332416666666      -0.150240969437032     
   2.11833041666667        6.95565708333333      -0.144712823296459     
   2.11833041666667        7.25799000000000      -0.139746625253757     
   2.42066333333333       2.000000000000000E-003 -0.432820710965600     
   2.42066333333333       0.304332916666667      -0.430454104714347     
   2.42066333333333       0.606665833333333      -0.423021394976503     
   2.42066333333333       0.908998750000000      -0.409959539295757     
   2.42066333333333        1.21133166666667      -0.392433796947940     
   2.42066333333333        1.51366458333333      -0.372293512649348     
   2.42066333333333        1.81599750000000      -0.351092529924856     
   2.42066333333333        2.11833041666667      -0.329861970386232     
   2.42066333333333        2.42066333333333      -0.309267400667422     
   2.42066333333333        2.72299625000000      -0.289797812211775     
   2.42066333333333        3.02532916666667      -0.271825408086761     
   2.42066333333333        3.32766208333333      -0.255557250062330     
   2.42066333333333        3.62999500000000      -0.240984640973238     
   2.42066333333333        3.93232791666667      -0.227908552173371     
   2.42066333333333        4.23466083333333      -0.216037490080458     
   2.42066333333333        4.53699375000000      -0.205098117221172     
   2.42066333333333        4.83932666666667      -0.194904815677195     
   2.42066333333333        5.14165958333333      -0.185375362561351     
   2.42066333333333        5.44399250000000      -0.176510613716320     
   2.42066333333333        5.74632541666667      -0.168358045926430     
   2.42066333333333        6.04865833333333      -0.160967548661689     
   2.42066333333333        6.35099125000000      -0.154344836604056     
   2.42066333333333        6.65332416666666      -0.148419914179018     
   2.42066333333333        6.95565708333333      -0.143073660917423     
   2.42066333333333        7.25799000000000      -0.138221742020205     
   2.72299625000000       2.000000000000000E-003 -0.376036483476394     
   2.72299625000000       0.304332916666667      -0.374901975682129     
   2.72299625000000       0.606665833333333      -0.370867432340782     
   2.72299625000000       0.908998750000000      -0.363201047335958     
   2.72299625000000        1.21133166666667      -0.351672599333348     
   2.72299625000000        1.51366458333333      -0.337482998037228     
   2.72299625000000        1.81599750000000      -0.321994236372535     
   2.72299625000000        2.11833041666667      -0.305943000580570     
   2.72299625000000        2.42066333333333      -0.289792489838925     
   2.72299625000000        2.72299625000000      -0.273955935834382     
   2.72299625000000        3.02532916666667      -0.258841370434330     
   2.72299625000000        3.32766208333333      -0.244770122425360     
   2.72299625000000        3.62999500000000      -0.231883634468534     
   2.72299625000000        3.93232791666667      -0.220126824159688     
   2.72299625000000        4.23466083333333      -0.209319808067933     
   2.72299625000000        4.53699375000000      -0.199265144520676     
   2.72299625000000        4.83932666666667      -0.189829335700532     
   2.72299625000000        5.14165958333333      -0.180970839202093     
   2.72299625000000        5.44399250000000      -0.172723082173386     
   2.72299625000000        5.74632541666667      -0.165154511151066     
   2.72299625000000        6.04865833333333      -0.158320017086557     
   2.72299625000000        6.35099125000000      -0.152205400688596     
   2.72299625000000        6.65332416666666      -0.146726308583601     
   2.72299625000000        6.95565708333333      -0.141721287942878     
   2.72299625000000        7.25799000000000      -0.137007398819944     
   3.02532916666667       2.000000000000000E-003 -0.335537474512434     
   3.02532916666667       0.304332916666667      -0.335486260678520     
   3.02532916666667       0.606665833333333      -0.333447866610325     
   3.02532916666667       0.908998750000000      -0.327917561225083     
   3.02532916666667        1.21133166666667      -0.319526978600864     
   3.02532916666667        1.51366458333333      -0.308958935126110     
   3.02532916666667        1.81599750000000      -0.297179475710543     
   3.02532916666667        2.11833041666667      -0.284702502759428     
   3.02532916666667        2.42066333333333      -0.271818555319379     
   3.02532916666667        2.72299625000000      -0.258838885594145     
   3.02532916666667        3.02532916666667      -0.246131037332895     
   3.02532916666667        3.32766208333333      -0.234027010950082     
   3.02532916666667        3.62999500000000      -0.222717770081485     
   3.02532916666667        3.93232791666667      -0.212221452654935     
   3.02532916666667        4.23466083333333      -0.202438660398429     
   3.02532916666667        4.53699375000000      -0.193246390606284     
   3.02532916666667        4.83932666666667      -0.184571315058363     
   3.02532916666667        5.14165958333333      -0.176413242002476     
   3.02532916666667        5.44399250000000      -0.168827634944465     
   3.02532916666667        5.74632541666667      -0.161890838188701     
   3.02532916666667        6.04865833333333      -0.155666735487301     
   3.02532916666667        6.35099125000000      -0.150182409965797     
   3.02532916666667        6.65332416666666      -0.145317558767011     
   3.02532916666667        6.95565708333333      -0.140674086168544     
   3.02532916666667        7.25799000000000      -0.135993742899703     
   3.32766208333333       2.000000000000000E-003 -0.307764856181469     
   3.32766208333333       0.304332916666667      -0.308421234054511     
   3.32766208333333       0.606665833333333      -0.306923760850241     
   3.32766208333333       0.908998750000000      -0.301691750362143     
   3.32766208333333        1.21133166666667      -0.294216387323055     
   3.32766208333333        1.51366458333333      -0.285570216550691     
   3.32766208333333        1.81599750000000      -0.276129156991326     
   3.32766208333333        2.11833041666667      -0.266078067518015     
   3.32766208333333        2.42066333333333      -0.255551742245159     
   3.32766208333333        2.72299625000000      -0.244767642914565     
   3.32766208333333        3.02532916666667      -0.234026444549736     
   3.32766208333333        3.32766208333333      -0.223618272118266     
   3.32766208333333        3.62999500000000      -0.213725233674491     
   3.32766208333333        3.93232791666667      -0.204392079303712     
   3.32766208333333        4.23466083333333      -0.195572727326683     
   3.32766208333333        4.53699375000000      -0.187206974966764     
   3.32766208333333        4.83932666666667      -0.179275230845165     
   3.32766208333333        5.14165958333333      -0.171810080561168     
   3.32766208333333        5.44399250000000      -0.164877511911109     
   3.32766208333333        5.74632541666667      -0.158553593439154     
   3.32766208333333        6.04865833333333      -0.152922082787226     
   3.32766208333333        6.35099125000000      -0.148053938880571     
   3.32766208333333        6.65332416666666      -0.143738293110456     
   3.32766208333333        6.95565708333333      -0.139371319115222     
   3.32766208333333        7.25799000000000      -0.134687795397414     
   3.62999500000000       2.000000000000000E-003 -0.289509764670847     
   3.62999500000000       0.304332916666667      -0.287639091647129     
   3.62999500000000       0.606665833333333      -0.285555720708996     
   3.62999500000000       0.908998750000000      -0.280276968184115     
   3.62999500000000        1.21133166666667      -0.273366312196556     
   3.62999500000000        1.51366458333333      -0.265926641433852     
   3.62999500000000        1.81599750000000      -0.258097537251287     
   3.62999500000000        2.11833041666667      -0.249772658838001     
   3.62999500000000        2.42066333333333      -0.240982214362267     
   3.62999500000000        2.72299625000000      -0.231883110151932     
   3.62999500000000        3.02532916666667      -0.222718501676550     
   3.62999500000000        3.32766208333333      -0.213726277477524     
   3.62999500000000        3.62999500000000      -0.205058749602255     
   3.62999500000000        3.93232791666667      -0.196764791016477     
   3.62999500000000        4.23466083333333      -0.188831890018970     
   3.62999500000000        4.53699375000000      -0.181245312731358     
   3.62999500000000        4.83932666666667      -0.174022925187525     
   3.62999500000000        5.14165958333333      -0.167214596450161     
   3.62999500000000        5.44399250000000      -0.160883806935997     
   3.62999500000000        5.74632541666667      -0.155095108695399     
   3.62999500000000        6.04865833333333      -0.149928404554572     
   3.62999500000000        6.35099125000000      -0.145445194864628     
   3.62999500000000        6.65332416666666      -0.141393703797525     
   3.62999500000000        6.95565708333333      -0.137190735359575     
   3.62999500000000        7.25799000000000      -0.133335905735480     
   3.93232791666667       2.000000000000000E-003 -0.263919643713773     
   3.93232791666667       0.304332916666667      -0.265011151024948     
   3.93232791666667       0.606665833333333      -0.264403075289137     
   3.93232791666667       0.908998750000000      -0.260477914042447     
   3.93232791666667        1.21133166666667      -0.254885822178631     
   3.93232791666667        1.51366458333333      -0.248787505209981     
   3.93232791666667        1.81599750000000      -0.242319311410196     
   3.93232791666667        2.11833041666667      -0.235353839474132     
   3.93232791666667        2.42066333333333      -0.227909853651177     
   3.93232791666667        2.72299625000000      -0.220129579890786     
   3.93232791666667        3.02532916666667      -0.212225152298837     
   3.93232791666667        3.32766208333333      -0.204395901598996     
   3.93232791666667        3.62999500000000      -0.196767482142225     
   3.93232791666667        3.93232791666667      -0.189387080341581     
   3.93232791666667        4.23466083333333      -0.182262460898641     
   3.93232791666667        4.53699375000000      -0.175405813339332     
   3.93232791666667        4.83932666666667      -0.168852268151790     
   3.93232791666667        5.14165958333333      -0.162651851492076     
   3.93232791666667        5.44399250000000      -0.156854492109345     
   3.93232791666667        5.74632541666667      -0.151504404515954     
   3.93232791666667        6.04865833333333      -0.146646751605883     
   3.93232791666667        6.35099125000000      -0.142314030736253     
   3.93232791666667        6.65332416666666      -0.138308719787508     
   3.93232791666667        6.95565708333333      -0.134293175960770     
   3.93232791666667        7.25799000000000      -0.130596306934852     
   4.23466083333333       2.000000000000000E-003 -0.243410388638221     
   4.23466083333333       0.304332916666667      -0.244123809674595     
   4.23466083333333       0.606665833333333      -0.244154330453298     
   4.23466083333333       0.908998750000000      -0.241907822071879     
   4.23466083333333        1.21133166666667      -0.238056564442975     
   4.23466083333333        1.51366458333333      -0.233432199892102     
   4.23466083333333        1.81599750000000      -0.228209246200719     
   4.23466083333333        2.11833041666667      -0.222389975524775     
   4.23466083333333        2.42066333333333      -0.216042515059341     
   4.23466083333333        2.72299625000000      -0.209326659774270     
   4.23466083333333        3.02532916666667      -0.202446685684300     
   4.23466083333333        3.32766208333333      -0.195580930265405     
   4.23466083333333        3.62999500000000      -0.188838895051181     
   4.23466083333333        3.93232791666667      -0.182266692958654     
   4.23466083333333        4.23466083333333      -0.175883060377445     
   4.23466083333333        4.53699375000000      -0.169711014869599     
   4.23466083333333        4.83932666666667      -0.163785648984165     
   4.23466083333333        5.14165958333333      -0.158144529333469     
   4.23466083333333        5.44399250000000      -0.152819355366051     
   4.23466083333333        5.74632541666667      -0.147837204920202     
   4.23466083333333        6.04865833333333      -0.143219680662484     
   4.23466083333333        6.35099125000000      -0.138970719712370     
   4.23466083333333        6.65332416666666      -0.135037074050624     
   4.23466083333333        6.95565708333333      -0.131318134334038     
   4.23466083333333        7.25799000000000      -0.127935248003541     
   4.53699375000000       2.000000000000000E-003 -0.226524107579065     
   4.53699375000000       0.304332916666667      -0.226778318763089     
   4.53699375000000       0.606665833333333      -0.226759094607926     
   4.53699375000000       0.908998750000000      -0.225520297332644     
   4.53699375000000        1.21133166666667      -0.223017734344092     
   4.53699375000000        1.51366458333333      -0.219596140104109     
   4.53699375000000        1.81599750000000      -0.215415824649599     
   4.53699375000000        2.11833041666667      -0.210547354937465     
   4.53699375000000        2.42066333333333      -0.205106838657804     
   4.53699375000000        2.72299625000000      -0.199276647483395     
   4.53699375000000        3.02532916666667      -0.193259722371825     
   4.53699375000000        3.32766208333333      -0.187220754113138     
   4.53699375000000        3.62999500000000      -0.181257857265447     
   4.53699375000000        3.93232791666667      -0.175415424325200     
   4.53699375000000        4.23466083333333      -0.169716279344364     
   4.53699375000000        4.53699375000000      -0.164183995944343     
   4.53699375000000        4.83932666666667      -0.158844431110617     
   4.53699375000000        5.14165958333333      -0.153718425601640     
   4.53699375000000        5.44399250000000      -0.148821884839303     
   4.53699375000000        5.74632541666667      -0.144175009922194     
   4.53699375000000        6.04865833333333      -0.139804339072608     
   4.53699375000000        6.35099125000000      -0.135721409895406     
   4.53699375000000        6.65332416666666      -0.131934502123892     
   4.53699375000000        6.95565708333333      -0.128469112970531     
   4.53699375000000        7.25799000000000      -0.125328649356031     
   4.83932666666667       2.000000000000000E-003 -0.212523533019152     
   4.83932666666667       0.304332916666667      -0.212606105170033     
   4.83932666666667       0.606665833333333      -0.212495692935094     
   4.83932666666667       0.908998750000000      -0.211606898241782     
   4.83932666666667        1.21133166666667      -0.209813105498000     
   4.83932666666667        1.51366458333333      -0.207172684809236     
   4.83932666666667        1.81599750000000      -0.203746191710643     
   4.83932666666667        2.11833041666667      -0.199614412019061     
   4.83932666666667        2.42066333333333      -0.194917641460017     
   4.83932666666667        2.72299625000000      -0.189845991751181     
   4.83932666666667        3.02532916666667      -0.184590532377679     
   4.83932666666667        3.32766208333333      -0.179295180681577     
   4.83932666666667        3.62999500000000      -0.174041561099506     
   4.83932666666667        3.93232791666667      -0.168867739126149     
   4.83932666666667        4.23466083333333      -0.163796591103047     
   4.83932666666667        4.53699375000000      -0.158850052305125     
   4.83932666666667        4.83932666666667      -0.154045819856658     
   4.83932666666667        5.14165958333333      -0.149392154976824     
   4.83932666666667        5.44399250000000      -0.144895302730894     
   4.83932666666667        5.74632541666667      -0.140575781093628     
   4.83932666666667        6.04865833333333      -0.136475228190953     
   4.83932666666667        6.35099125000000      -0.132640652084333     
   4.83932666666667        6.65332416666666      -0.129098803177837     
   4.83932666666667        6.95565708333333      -0.125855431700151     
   4.83932666666667        7.25799000000000      -0.122899982359033     
   5.14165958333333       2.000000000000000E-003 -0.200806449606025     
   5.14165958333333       0.304332916666667      -0.200772599681557     
   5.14165958333333       0.606665833333333      -0.200497265290063     
   5.14165958333333       0.908998750000000      -0.199735278839110     
   5.14165958333333        1.21133166666667      -0.198262017355917     
   5.14165958333333        1.51366458333333      -0.196030845336210     
   5.14165958333333        1.81599750000000      -0.193073686978022     
   5.14165958333333        2.11833041666667      -0.189479009012357     
   5.14165958333333        2.42066333333333      -0.185393159749925     
   5.14165958333333        2.72299625000000      -0.180993126055409     
   5.14165958333333        3.02532916666667      -0.176438515906631     
   5.14165958333333        3.32766208333333      -0.171836144697966     
   5.14165958333333        3.62999500000000      -0.167239123668502     
   5.14165958333333        3.93232791666667      -0.162672928507243     
   5.14165958333333        4.23466083333333      -0.158160921750816     
   5.14165958333333        4.53699375000000      -0.153729521550380     
   5.14165958333333        4.83932666666667      -0.149397733394284     
   5.14165958333333        5.14165958333333      -0.145170593055426     
   5.14165958333333        5.44399250000000      -0.141050019780722     
   5.14165958333333        5.74632541666667      -0.137056537861732     
   5.14165958333333        6.04865833333333      -0.133241746701755     
   5.14165958333333        6.35099125000000      -0.129675352854141     
   5.14165958333333        6.65332416666666      -0.126409173879377     
   5.14165958333333        6.95565708333333      -0.123438602250035     
   5.14165958333333        7.25799000000000      -0.120680694421375     
   5.44399250000000       2.000000000000000E-003 -0.190833578601418     
   5.44399250000000       0.304332916666667      -0.190714097276408     
   5.44399250000000       0.606665833333333      -0.190306812566067     
   5.44399250000000       0.908998750000000      -0.189476147914854     
   5.44399250000000        1.21133166666667      -0.188066539299802     
   5.44399250000000        1.51366458333333      -0.185986624742770     
   5.44399250000000        1.81599750000000      -0.183294377810727     
   5.44399250000000        2.11833041666667      -0.180097383275943     
   5.44399250000000        2.42066333333333      -0.176534326661129     
   5.44399250000000        2.72299625000000      -0.172751330482379     
   5.44399250000000        3.02532916666667      -0.168858781760332     
   5.44399250000000        3.32766208333333      -0.164909120940872     
   5.44399250000000        3.62999500000000      -0.160913423462124     
   5.44399250000000        3.93232791666667      -0.156880321368242     
   5.44399250000000        4.23466083333333      -0.152840462503059     
   5.44399250000000        4.53699375000000      -0.148837946766878     
   5.44399250000000        4.83932666666667      -0.144906222873921     
   5.44399250000000        5.14165958333333      -0.141055647817269     
   5.44399250000000        5.44399250000000      -0.137284172939143     
   5.44399250000000        5.74632541666667      -0.133603515180482     
   5.44399250000000        6.04865833333333      -0.130066677369723     
   5.44399250000000        6.35099125000000      -0.126777997450819     
   5.44399250000000        6.65332416666666      -0.123807047436665     
   5.44399250000000        6.95565708333333      -0.121114458759197     
   5.44399250000000        7.25799000000000      -0.118562634738003     
   5.74632541666667       2.000000000000000E-003 -0.182075291039129     
   5.74632541666667       0.304332916666667      -0.181861759804808     
   5.74632541666667       0.606665833333333      -0.181261733288897     
   5.74632541666667       0.908998750000000      -0.180287166940133     
   5.74632541666667        1.21133166666667      -0.178841368584428     
   5.74632541666667        1.51366458333333      -0.176835897333682     
   5.74632541666667        1.81599750000000      -0.174326478607553     
   5.74632541666667        2.11833041666667      -0.171470180722484     
   5.74632541666667        2.42066333333333      -0.168388200765013     
   5.74632541666667        2.72299625000000      -0.165188816267466     
   5.74632541666667        3.02532916666667      -0.161927546591611     
   5.74632541666667        3.32766208333333      -0.158590031724925     
   5.74632541666667        3.62999500000000      -0.155128738565248     
   5.74632541666667        3.93232791666667      -0.151533773315291     
   5.74632541666667        4.23466083333333      -0.147861979754212     
   5.74632541666667        4.53699375000000      -0.144195334671734     
   5.74632541666667        4.83932666666667      -0.140591732148832     
   5.74632541666667        5.14165958333333      -0.137067901222277     
   5.74632541666667        5.44399250000000      -0.133609716686068     
   5.74632541666667        5.74632541666667      -0.130208302244203     
   5.74632541666667        6.04865833333333      -0.126925877999348     
   5.74632541666667        6.35099125000000      -0.123878186376155     
   5.74632541666667        6.65332416666666      -0.121178801538954     
   5.74632541666667        6.95565708333333      -0.118789417510689     
   5.74632541666667        7.25799000000000      -0.116455257393434     
   6.04865833333333       2.000000000000000E-003 -0.173953373879793     
   6.04865833333333       0.304332916666667      -0.173595405314896     
   6.04865833333333       0.606665833333333      -0.172761713568550     
   6.04865833333333       0.908998750000000      -0.171695568586126     
   6.04865833333333        1.21133166666667      -0.170287817493101     
   6.04865833333333        1.51366458333333      -0.168409277621515     
   6.04865833333333        1.81599750000000      -0.166119751954501     
   6.04865833333333        2.11833041666667      -0.163618537849345     
   6.04865833333333        2.42066333333333      -0.161004006310767     
   6.04865833333333        2.72299625000000      -0.158360416178825     
   6.04865833333333        3.02532916666667      -0.155709169597142     
   6.04865833333333        3.32766208333333      -0.152963200249506     
   6.04865833333333        3.62999500000000      -0.149965052018762     
   6.04865833333333        3.93232791666667      -0.146678159757967     
   6.04865833333333        4.23466083333333      -0.143246862517412     
   6.04865833333333        4.53699375000000      -0.139828171204333     
   6.04865833333333        4.83932666666667      -0.136495909737665     
   6.04865833333333        5.14165958333333      -0.133259006388154     
   6.04865833333333        5.44399250000000      -0.130079840477540     
   6.04865833333333        5.74632541666667      -0.126933435350482     
   6.04865833333333        6.04865833333333      -0.123835819786873     
   6.04865833333333        6.35099125000000      -0.120919995174805     
   6.04865833333333        6.65332416666666      -0.118418783257003     
   6.04865833333333        6.95565708333333      -0.116371219323042     
   6.04865833333333        7.25799000000000      -0.114299278514489     
   6.35099125000000       2.000000000000000E-003 -0.166087240968682     
   6.35099125000000       0.304332916666667      -0.165501287900309     
   6.35099125000000       0.606665833333333      -0.164520389318035     
   6.35099125000000       0.908998750000000      -0.163620292810950     
   6.35099125000000        1.21133166666667      -0.162437288605158     
   6.35099125000000        1.51366458333333      -0.160769653031141     
   6.35099125000000        1.81599750000000      -0.158719762230123     
   6.35099125000000        2.11833041666667      -0.156557012306182     
   6.35099125000000        2.42066333333333      -0.154386938895403     
   6.35099125000000        2.72299625000000      -0.152252383463293     
   6.35099125000000        3.02532916666667      -0.150231824476965     
   6.35099125000000        3.32766208333333      -0.148100153995947     
   6.35099125000000        3.62999500000000      -0.145483871583915     
   6.35099125000000        3.93232791666667      -0.142345757517315     
   6.35099125000000        4.23466083333333      -0.138998911624681     
   6.35099125000000        4.53699375000000      -0.135748112524184     
   6.35099125000000        4.83932666666667      -0.132665831516266     
   6.35099125000000        5.14165958333333      -0.129698592530131     
   6.35099125000000        5.44399250000000      -0.126798532185459     
   6.35099125000000        5.74632541666667      -0.123894296214372     
   6.35099125000000        6.04865833333333      -0.120929454114178     
   6.35099125000000        6.35099125000000      -0.118010159898365     
   6.35099125000000        6.65332416666666      -0.115504598196358     
   6.35099125000000        6.95565708333333      -0.113778407675636     
   6.35099125000000        7.25799000000000      -0.112068014791640     
   6.65332416666666       2.000000000000000E-003 -0.158479141227299     
   6.65332416666666       0.304332916666667      -0.157597887550928     
   6.65332416666666       0.606665833333333      -0.156860563624658     
   6.65332416666666       0.908998750000000      -0.156458417640185     
   6.65332416666666        1.21133166666667      -0.155560197697554     
   6.65332416666666        1.51366458333333      -0.154071063381746     
   6.65332416666666        1.81599750000000      -0.152215838440143     
   6.65332416666666        2.11833041666667      -0.150280992613205     
   6.65332416666666        2.42066333333333      -0.148466731032135     
   6.65332416666666        2.72299625000000      -0.146780143379206     
   6.65332416666666        3.02532916666667      -0.145374682890396     
   6.65332416666666        3.32766208333333      -0.143790707854796     
   6.65332416666666        3.62999500000000      -0.141434648011378     
   6.65332416666666        3.93232791666667      -0.138340635607286     
   6.65332416666666        4.23466083333333      -0.135066458711142     
   6.65332416666666        4.53699375000000      -0.131964179625565     
   6.65332416666666        4.83932666666667      -0.129128379799692     
   6.65332416666666        5.14165958333333      -0.126438064180700     
   6.65332416666666        5.44399250000000      -0.123834447086728     
   6.65332416666666        5.74632541666667      -0.121203418341464     
   6.65332416666666        6.04865833333333      -0.118438753666214     
   6.65332416666666        6.35099125000000      -0.115516921644456     
   6.65332416666666        6.65332416666666      -0.112746136715551     
   6.65332416666666        6.95565708333333      -0.111001840938842     
   6.65332416666666        7.25799000000000      -0.109754201825804     
   6.95565708333333       2.000000000000000E-003 -0.151634166208437     
   6.95565708333333       0.304332916666667      -0.150908111214842     
   6.95565708333333       0.606665833333333      -0.150951119661836     
   6.95565708333333       0.908998750000000      -0.150741982753783     
   6.95565708333333        1.21133166666667      -0.149779603266767     
   6.95565708333333        1.51366458333333      -0.148295252743326     
   6.95565708333333        1.81599750000000      -0.146541982019535     
   6.95565708333333        2.11833041666667      -0.144754439325112     
   6.95565708333333        2.42066333333333      -0.143123822927857     
   6.95565708333333        2.72299625000000      -0.141780278130871     
   6.95565708333333        3.02532916666667      -0.140738303509403     
   6.95565708333333        3.32766208333333      -0.139430984750020     
   6.95565708333333        3.62999500000000      -0.137236672889093     
   6.95565708333333        3.93232791666667      -0.134329717126489     
   6.95565708333333        4.23466083333333      -0.131352094947758     
   6.95565708333333        4.53699375000000      -0.128503184086906     
   6.95565708333333        4.83932666666667      -0.125889325420834     
   6.95565708333333        5.14165958333333      -0.123471931527699     
   6.95565708333333        5.44399250000000      -0.121146999612789     
   6.95565708333333        5.74632541666667      -0.118820680068887     
   6.95565708333333        6.04865833333333      -0.116400433414717     
   6.95565708333333        6.35099125000000      -0.113803875618472     
   6.95565708333333        6.65332416666666      -0.111019599447198     
   6.95565708333333        6.95565708333333      -0.108670180374178     
   6.95565708333333        7.25799000000000      -0.107554751000261     
   7.25799000000000       2.000000000000000E-003 -0.145796981774086     
   7.25799000000000       0.304332916666667      -0.146103056375550     
   7.25799000000000       0.606665833333333      -0.146288901095448     
   7.25799000000000       0.908998750000000      -0.145701999229099     
   7.25799000000000        1.21133166666667      -0.144556414747471     
   7.25799000000000        1.51366458333333      -0.143092341509593     
   7.25799000000000        1.81599750000000      -0.141455328884167     
   7.25799000000000        2.11833041666667      -0.139789402328034     
   7.25799000000000        2.42066333333333      -0.138273302589481     
   7.25799000000000        2.72299625000000      -0.137067950202585     
   7.25799000000000        3.02532916666667      -0.136060060533552     
   7.25799000000000        3.32766208333333      -0.134749201931518     
   7.25799000000000        3.62999500000000      -0.133383987882369     
   7.25799000000000        3.93232791666667      -0.130642999655281     
   7.25799000000000        4.23466083333333      -0.127977210872688     
   7.25799000000000        4.53699375000000      -0.125367927038277     
   7.25799000000000        4.83932666666667      -0.122937248870577     
   7.25799000000000        5.14165958333333      -0.120716407561946     
   7.25799000000000        5.44399250000000      -0.118597359481678     
   7.25799000000000        5.74632541666667      -0.116489292778840     
   7.25799000000000        6.04865833333333      -0.114332910647503     
   7.25799000000000        6.35099125000000      -0.112101186006958     
   7.25799000000000        6.65332416666666      -0.109785384290685     
   7.25799000000000        6.95565708333333      -0.107575805103767     
   7.25799000000000        7.25799000000000      -0.105913017851096     
